#Data for assmessment- first try, only using Maryland Data

#first year of data fdyear
1982
#last year of data ldyear
2017

#first year of model fmyear
1982
#last year of model lmyear
2017

#first age fage
1
#last age lage
15

#number of years in survey
27

#fleet numbers, don't use this parameter in spatial model
2
#region - number of regions (bay and coast)
2
#tstep-number of time steps in year
2
#stock - number of stocks
2 #ches bay and other
#number of surveys (nsurv), don't use this parameter in spatial model
9


#number of age 1 survey (age1surv)
1 #number without time step
#3 # number with time step (NY is split)
#number of yoy survey in the coast (yoysurv_coast)
2
#yoysurv_bay, number of yoy surveys in the bay
#2
1



#tblock -number of time blocks for fishing regulations
4
#ftyear- starting year of each time block
1982 1990 1995 2015

#lbound, lower bound of log_fs , fisheries selectivity for cb
-10
#ubound, upper bound of log_fs, fisheries selectivity for cb
2


#catch (coast. table b2)																																			
 #area 1 = Bay																																			
 # Time step 1																																			
164731.3504	141204.5321	122064.4101	30208.52	54650.3668	34952.21142	15238.14378	16745.14	50845.24	124664.3494	269335.1771	239877.3426	260751.9178	494041.5461	555065.7744	790341.6187	748600.3857	621132.9309	936705.0461	535938.2388	561103.5075	868981.2311	771944.8203	1037111.555	966909.7165	827616.4215	647456.8383	826814.9556	733107.1997	805292.1472	765663.6757	908674.9112	739116.2152	715185.6967	1352144.535	979105.2112
# Time step 2																																			
63910.6757	196785.3740	356261.1359	18487.0274	46008.6300	9996.8166	107874.5071	68356.8000	612811.4749	666521.2744	724194.9418	705785.5524	1068659.1183	1485648.2770	1958369.3418	2372318.3827	2198678.6786	2573337.9005	2496798.5819	2053627.3948	2114283.8775	2465425.0990	2556145.3515	1935962.7015	3121246.0504	2339996.7367	1980565.3995	2314978.0733	2199827.3218	1716899.6624	1902311.0848	1838322.9734	2495142.9336	2085113.4835	2251450.9762	1520046.3285
 #area 2 = Coast																																			
 # Time step 1																																			
406340.1216	155071.816	48084.76975	98611.72079	52386.3393	27462.89883	51618.85754	88195.33515	127882.5684	182864.3836	350822.5344	310452.0829	459208.1893	641522.6116	927737.324	1456527.39	1724570.536	1654908.135	1651257.616	1727511.011	2572676.65	2312815.349	2437018.427	2557515.404	3079922.738	2633970.248	2030973.737	1899967.537	1787486.473	2154375.926	1608058.432	2341979.241	1291151.711	1450009.56	1384504.637	1504782.301
 #Time step 2																																			
270569.6402	554649.6081	309271.4371	755074.6263	254629.2125	204002.6325	280431.1426	431951.4409	444390.0677	744371.0440	893262.1357	776850.4406	1117774.8564	2401581.3027	2826551.0087	2768884.4806	3241783.7480	3197843.5572	3291968.6199	3453818.5006	2942678.8277	3218529.1878	3761448.5056	3580672.5565	3905547.5440	2501527.5949	3563830.9767	2984560.9956	3650141.1320	2887077.7396	2806240.6844	3416842.8100	2552383.8662	1865972.1663	2216998.5288	3054955.0158


#observed proportions at age (table b2 pg 1098)
 #area 1 = Bay																																			
 # Time step 1
0.00012	0.23754	0.46451	0.24581	0.03505	0.00818	0.00137	0.00118	0.00011	0.00045	0.00195	0.00292	0.00009	0.00024	0.00049
0.00180	0.42584	0.37326	0.10870	0.03119	0.01811	0.01325	0.01456	0.00284	0.00158	0.00007	0.00743	0.00004	0.00130	0.00002
0.00000	0.47431	0.44439	0.06022	0.01532	0.00313	0.00209	0.00000	0.00000	0.00000	0.00000	0.00013	0.00000	0.00040	0.00000
0.00034	0.16527	0.72333	0.08183	0.01178	0.00437	0.00423	0.00077	0.00111	0.00072	0.00019	0.00065	0.00115	0.00065	0.00359
0.00000	0.12578	0.23402	0.61398	0.01264	0.00558	0.00284	0.00159	0.00044	0.00000	0.00000	0.00000	0.00037	0.00111	0.00165
0.01518	0.33822	0.31368	0.13521	0.19060	0.00331	0.00075	0.00054	0.00056	0.00005	0.00005	0.00000	0.00011	0.00063	0.00111
0.00002	0.06616	0.22511	0.25642	0.20142	0.23703	0.00822	0.00036	0.00015	0.00149	0.00000	0.00015	0.00015	0.00075	0.00256
0.00000	0.07062	0.23902	0.20777	0.19386	0.16661	0.11893	0.00137	0.00024	0.00012	0.00000	0.00012	0.00012	0.00000	0.00121
0.00000	0.06200	0.20689	0.14953	0.16496	0.15085	0.11489	0.13938	0.00357	0.00154	0.00022	0.00019	0.00226	0.00052	0.00321
0.02576	0.08344	0.17800	0.13838	0.16589	0.15033	0.13411	0.07719	0.03759	0.00191	0.00123	0.00000	0.00064	0.00155	0.00400
0.00024	0.01079	0.17775	0.25937	0.18351	0.18944	0.10898	0.04178	0.01568	0.00853	0.00028	0.00018	0.00074	0.00110	0.00162
0.00025	0.01804	0.06510	0.34166	0.29460	0.10133	0.08342	0.04692	0.02542	0.01144	0.00601	0.00149	0.00128	0.00106	0.00200
0.00000	0.01789	0.05376	0.15877	0.36859	0.22808	0.08532	0.04966	0.02311	0.00897	0.00418	0.00075	0.00033	0.00010	0.00048
0.00003	0.00845	0.04036	0.12402	0.18979	0.25811	0.19087	0.08178	0.05761	0.02586	0.01401	0.00841	0.00008	0.00000	0.00062
0.00003	0.00852	0.07594	0.13101	0.21774	0.20554	0.19603	0.09413	0.03876	0.01799	0.01025	0.00314	0.00060	0.00007	0.00026
0.00101	0.02274	0.07581	0.30831	0.17895	0.14524	0.08109	0.08278	0.05298	0.03370	0.00922	0.00598	0.00173	0.00032	0.00013
0.00230	0.01672	0.09776	0.20175	0.34524	0.12610	0.06000	0.04150	0.04123	0.03040	0.02169	0.00984	0.00377	0.00128	0.00039
0.00142	0.01208	0.10131	0.17382	0.21706	0.25422	0.09283	0.03494	0.04136	0.02597	0.02116	0.01317	0.00555	0.00245	0.00267
0.00475	0.00742	0.02968	0.18444	0.27753	0.22672	0.14643	0.05385	0.02344	0.01928	0.01121	0.00815	0.00379	0.00154	0.00178
0.00109	0.00085	0.03868	0.14876	0.25540	0.16997	0.12183	0.13652	0.04304	0.02888	0.02671	0.01336	0.01159	0.00227	0.00107
0.00042	0.02685	0.04348	0.13043	0.25488	0.21386	0.14330	0.06281	0.06040	0.02401	0.01385	0.00796	0.00639	0.00420	0.00715
0.00005	0.01461	0.04909	0.11412	0.16437	0.13534	0.15036	0.10079	0.08922	0.10696	0.03323	0.02246	0.01105	0.00471	0.00366
0.02203	0.01428	0.09394	0.13632	0.11606	0.07764	0.08906	0.12954	0.09764	0.08151	0.08004	0.03228	0.01714	0.00741	0.00511
0.00477	0.01281	0.03495	0.16162	0.18560	0.08143	0.06435	0.06676	0.12300	0.09898	0.08564	0.05185	0.01392	0.00498	0.00934
0.00055	0.00477	0.08717	0.12077	0.22716	0.14201	0.05772	0.05690	0.08230	0.10154	0.05268	0.03359	0.02177	0.00675	0.00433
0.00094	0.01410	0.02975	0.23387	0.10012	0.15912	0.10171	0.05895	0.07402	0.07399	0.07682	0.03550	0.01515	0.01670	0.00926
0.00009	0.00062	0.02182	0.13481	0.32675	0.08641	0.09311	0.06406	0.04489	0.05438	0.05171	0.07186	0.02493	0.01170	0.01287
0.00039	0.01891	0.02605	0.18253	0.21897	0.18670	0.04537	0.07017	0.07802	0.03554	0.05114	0.02714	0.03813	0.00885	0.01209
0.00000	0.00239	0.09797	0.17081	0.21014	0.15898	0.13948	0.04013	0.04731	0.04202	0.01845	0.02027	0.02112	0.01830	0.01262
0.00090	0.00472	0.04887	0.18352	0.17547	0.14709	0.11001	0.13460	0.04200	0.06996	0.03841	0.01725	0.00957	0.00659	0.01104
0.00049	0.00921	0.07756	0.10642	0.21736	0.14083	0.12705	0.07540	0.11258	0.04066	0.05094	0.01457	0.00847	0.00905	0.00943
0.00000	0.01518	0.07405	0.20532	0.18568	0.17409	0.06349	0.04790	0.05904	0.09539	0.02058	0.03142	0.00819	0.00597	0.01369
0.00026	0.00194	0.08331	0.13117	0.22212	0.13488	0.10326	0.04649	0.05511	0.06161	0.10674	0.01273	0.02196	0.00457	0.01384
0.00033	0.00247	0.02615	0.24357	0.11406	0.09124	0.06382	0.05839	0.04193	0.08126	0.07124	0.09997	0.02141	0.04778	0.03636
0.00821	0.00928	0.05275	0.04663	0.40899	0.10744	0.06119	0.02459	0.02667	0.02781	0.05918	0.06317	0.07161	0.00942	0.02306
0.00129	0.01825	0.05857	0.14298	0.14258	0.30234	0.07457	0.05059	0.03049	0.04240	0.03110	0.05264	0.02489	0.01845	0.00887
# Time step 2
0.0000	0.0824	0.7614	0.1416	0.0143	0.0001	0.0001	0.0001	0.0000	0.0000	0.0000	0.0000	0.0000	0.0000	0.0000
0.0000	0.1928	0.2117	0.5323	0.0075	0.0217	0.0159	0.0104	0.0000	0.0010	0.0027	0.0007	0.0013	0.0013	0.0007
0.0000	0.0455	0.8761	0.0577	0.0156	0.0047	0.0002	0.0001	0.0000	0.0000	0.0001	0.0000	0.0000	0.0000	0.0000
0.1421	0.3121	0.2162	0.3245	0.0051	0.0000	0.0000	0.0000	0.0000	0.0000	0.0000	0.0000	0.0000	0.0000	0.0000
0.0000	0.3585	0.3346	0.1206	0.1800	0.0032	0.0019	0.0009	0.0003	0.0000	0.0000	0.0000	0.0000	0.0000	0.0000
0.1581	0.4510	0.1583	0.1104	0.0590	0.0613	0.0016	0.0004	0.0000	0.0000	0.0000	0.0000	0.0000	0.0000	0.0000
0.0003	0.1940	0.2587	0.1590	0.2006	0.1469	0.0360	0.0045	0.0002	0.0000	0.0000	0.0000	0.0000	0.0000	0.0000
0.0006	0.4246	0.0638	0.1428	0.0725	0.1639	0.0993	0.0324	0.0000	0.0000	0.0000	0.0000	0.0000	0.0000	0.0000
0.0014	0.0605	0.0689	0.1168	0.2432	0.3916	0.0932	0.0131	0.0046	0.0031	0.0014	0.0011	0.0006	0.0003	0.0003
0.0004	0.0837	0.1510	0.1269	0.1803	0.3103	0.1144	0.0121	0.0076	0.0066	0.0028	0.0020	0.0012	0.0006	0.0002
0.0034	0.0318	0.1926	0.2070	0.2025	0.1989	0.1258	0.0331	0.0026	0.0023	0.0000	0.0000	0.0000	0.0000	0.0000
0.0032	0.0558	0.1000	0.2497	0.2607	0.1700	0.0964	0.0540	0.0092	0.0008	0.0002	0.0000	0.0000	0.0000	0.0000
0.0010	0.0100	0.1404	0.2857	0.2777	0.1135	0.0894	0.0415	0.0263	0.0086	0.0031	0.0026	0.0001	0.0000	0.0000
0.0000	0.0656	0.2047	0.2614	0.1967	0.1242	0.0678	0.0363	0.0228	0.0084	0.0043	0.0023	0.0016	0.0011	0.0029
0.0054	0.0206	0.3465	0.2322	0.1860	0.1129	0.0546	0.0178	0.0101	0.0064	0.0052	0.0009	0.0006	0.0004	0.0005
0.0396	0.0955	0.1658	0.3482	0.1283	0.1066	0.0481	0.0336	0.0175	0.0081	0.0047	0.0023	0.0016	0.0002	0.0001
0.0031	0.0672	0.2570	0.3171	0.1589	0.0904	0.0397	0.0262	0.0186	0.0126	0.0029	0.0022	0.0015	0.0022	0.0006
0.0019	0.0241	0.2007	0.2495	0.1872	0.1898	0.0630	0.0277	0.0210	0.0123	0.0112	0.0050	0.0045	0.0010	0.0011
0.0225	0.0897	0.0678	0.2602	0.2875	0.1145	0.0844	0.0292	0.0127	0.0149	0.0074	0.0041	0.0022	0.0023	0.0004
0.0387	0.0894	0.1325	0.1674	0.2270	0.1285	0.0859	0.0599	0.0183	0.0180	0.0126	0.0139	0.0039	0.0036	0.0004
0.0154	0.1352	0.1061	0.1545	0.1501	0.1640	0.1165	0.0486	0.0600	0.0178	0.0126	0.0069	0.0054	0.0011	0.0057
0.0000	0.1746	0.1840	0.1678	0.1312	0.1002	0.0830	0.0472	0.0439	0.0346	0.0146	0.0078	0.0050	0.0028	0.0032
0.0583	0.0605	0.2785	0.2215	0.0881	0.0884	0.0683	0.0457	0.0308	0.0198	0.0200	0.0091	0.0049	0.0028	0.0032
0.0075	0.2115	0.1005	0.2633	0.1707	0.0638	0.0452	0.0250	0.0365	0.0214	0.0239	0.0129	0.0088	0.0036	0.0055
0.0220	0.0873	0.2334	0.1727	0.2097	0.1066	0.0412	0.0295	0.0197	0.0239	0.0151	0.0111	0.0122	0.0037	0.0118
0.0063	0.0581	0.0712	0.3799	0.1732	0.1462	0.0445	0.0285	0.0242	0.0172	0.0211	0.0134	0.0065	0.0026	0.0070
0.0362	0.0190	0.0695	0.1642	0.3159	0.0934	0.0947	0.0498	0.0169	0.0317	0.0259	0.0356	0.0135	0.0149	0.0188
0.0040	0.0702	0.0518	0.2348	0.2099	0.1911	0.0383	0.0487	0.0294	0.0144	0.0200	0.0256	0.0289	0.0130	0.0201
0.0089	0.0129	0.1843	0.1476	0.2011	0.1793	0.1599	0.0345	0.0327	0.0110	0.0038	0.0051	0.0050	0.0072	0.0068
0.0305	0.0668	0.0671	0.3315	0.0979	0.1517	0.1239	0.0572	0.0167	0.0158	0.0085	0.0060	0.0087	0.0059	0.0118
0.1304	0.1266	0.1604	0.1072	0.1907	0.0995	0.0642	0.0172	0.0150	0.0073	0.0168	0.0072	0.0093	0.0127	0.0356
0.0013	0.1258	0.2024	0.2429	0.1361	0.1303	0.0561	0.0325	0.0237	0.0241	0.0102	0.0078	0.0012	0.0007	0.0049
0.0074	0.0162	0.3538	0.2288	0.2354	0.0719	0.0425	0.0159	0.0128	0.0074	0.0017	0.0004	0.0006	0.0005	0.0046
0.1058	0.0995	0.0468	0.3363	0.2006	0.0605	0.0475	0.0476	0.0169	0.0245	0.0094	0.0029	0.0006	0.0002	0.0010
0.0884	0.1112	0.1006	0.1515	0.3677	0.1136	0.0220	0.0152	0.0159	0.0049	0.0053	0.0011	0.0008	0.0003	0.0017
0.0303	0.1104	0.1397	0.1290	0.2560	0.2562	0.0387	0.0199	0.0100	0.0051	0.0017	0.0013	0.0007	0.0003	0.0008

 #area 2 = coast
 #time step 1
0.00000	0.11695	0.28600	0.33971	0.11777	0.03300	0.01191	0.00258	0.00170	0.00796	0.01260	0.02870	0.00539	0.01637	0.01934
0.00000	0.01358	0.24627	0.33436	0.18591	0.03157	0.00786	0.00090	0.00066	0.03862	0.00922	0.02099	0.01289	0.01479	0.08239
0.00000	0.04961	0.10601	0.21956	0.26287	0.11745	0.09846	0.02171	0.01528	0.00292	0.00252	0.01571	0.01184	0.05474	0.02133
0.00122	0.08593	0.22909	0.14966	0.17206	0.08942	0.10028	0.06069	0.02205	0.01429	0.01484	0.01925	0.00655	0.01323	0.02146
0.00004	0.00675	0.07063	0.19322	0.14864	0.13069	0.06945	0.10928	0.05420	0.01572	0.02992	0.01808	0.00581	0.03999	0.10759
0.00958	0.09358	0.23147	0.22821	0.15887	0.08010	0.06105	0.04577	0.03649	0.01320	0.00488	0.00936	0.00519	0.00415	0.01809
0.00071	0.09158	0.09980	0.12955	0.14319	0.16498	0.12639	0.09090	0.07491	0.02866	0.01015	0.00829	0.00817	0.01112	0.01160
0.03215	0.18883	0.13915	0.07764	0.08777	0.05262	0.13602	0.08590	0.03655	0.00568	0.03165	0.00133	0.06655	0.03292	0.02523
0.00232	0.03792	0.07618	0.10134	0.11310	0.14971	0.19598	0.18067	0.05615	0.03169	0.02198	0.01495	0.00601	0.00417	0.00783
0.00339	0.07868	0.11604	0.10130	0.10532	0.07364	0.12760	0.16467	0.16170	0.03986	0.01120	0.00376	0.00333	0.00114	0.00836
0.00142	0.01653	0.07795	0.10738	0.12325	0.09491	0.09780	0.15837	0.13724	0.12244	0.02028	0.00666	0.00106	0.00721	0.02751
0.00060	0.03548	0.09122	0.12159	0.08959	0.08904	0.06537	0.10552	0.11995	0.13757	0.09022	0.03026	0.00411	0.00204	0.01743
0.00048	0.02247	0.09875	0.09681	0.14466	0.14373	0.08160	0.10230	0.12043	0.12056	0.03725	0.01352	0.00463	0.00197	0.01083
0.00253	0.34575	0.13675	0.06659	0.04180	0.05464	0.04567	0.04313	0.07286	0.08689	0.05766	0.02448	0.01666	0.00167	0.00292
0.00013	0.01665	0.22287	0.09122	0.07989	0.10103	0.16505	0.11518	0.07870	0.05518	0.03764	0.01821	0.00645	0.00469	0.00710
0.01218	0.11348	0.11179	0.17794	0.07732	0.07815	0.08396	0.10444	0.07706	0.05779	0.04777	0.02512	0.01842	0.01064	0.00392
0.01101	0.08380	0.10948	0.15237	0.16552	0.11766	0.09506	0.09076	0.06536	0.03359	0.03966	0.01268	0.00670	0.01359	0.00275
0.00055	0.01719	0.14574	0.17729	0.11385	0.13662	0.10630	0.11833	0.08091	0.06198	0.02267	0.01052	0.00407	0.00342	0.00056
0.00119	0.01840	0.11017	0.11626	0.17528	0.15848	0.15318	0.13645	0.05677	0.03518	0.01695	0.01130	0.00438	0.00270	0.00331
0.00631	0.03171	0.03936	0.08554	0.20163	0.21805	0.16587	0.09416	0.05115	0.03550	0.04035	0.01036	0.01038	0.00512	0.00449
0.00393	0.05593	0.07336	0.09095	0.08398	0.19344	0.14859	0.13949	0.10290	0.04725	0.03532	0.01265	0.00740	0.00295	0.00186
0.00079	0.06616	0.07298	0.05448	0.09207	0.10203	0.20573	0.16055	0.10342	0.06312	0.03305	0.02053	0.01053	0.00849	0.00608
0.00049	0.01425	0.17023	0.07256	0.05761	0.08947	0.12573	0.16349	0.12084	0.08080	0.05303	0.02506	0.01331	0.00788	0.00524
0.00192	0.08680	0.04633	0.10633	0.14576	0.11415	0.11390	0.09216	0.11349	0.06821	0.05321	0.02083	0.01885	0.01147	0.00658
0.00102	0.05244	0.26121	0.05034	0.10007	0.08792	0.05620	0.07621	0.08680	0.09875	0.05933	0.03630	0.01028	0.00929	0.01386
0.00150	0.04852	0.11569	0.14966	0.09610	0.12375	0.09495	0.06358	0.08528	0.08283	0.05233	0.05687	0.01347	0.00964	0.00583
0.00272	0.02304	0.08061	0.06652	0.16714	0.07950	0.13611	0.09327	0.05634	0.07449	0.07205	0.05968	0.03514	0.01884	0.03455
0.00025	0.03821	0.03110	0.05190	0.07334	0.22115	0.11163	0.16727	0.09240	0.06158	0.04795	0.03950	0.03620	0.01261	0.01490
0.00012	0.01365	0.05956	0.03132	0.06795	0.14381	0.26241	0.09021	0.10525	0.08301	0.04110	0.03614	0.02706	0.02285	0.01557
0.00302	0.03122	0.04625	0.05475	0.04071	0.13206	0.16769	0.21986	0.08482	0.08045	0.03928	0.02332	0.02576	0.02838	0.02242
0.00042	0.04115	0.04915	0.04603	0.08568	0.09771	0.16602	0.17235	0.17015	0.05134	0.03776	0.02442	0.02180	0.02155	0.01448
0.00031	0.05698	0.06922	0.03624	0.03740	0.12386	0.13493	0.12448	0.13709	0.16356	0.05701	0.01879	0.01597	0.01011	0.01403
0.00042	0.01064	0.16079	0.07954	0.05237	0.09858	0.10912	0.08213	0.10869	0.12949	0.06355	0.04504	0.01720	0.01941	0.02302
0.00010	0.01117	0.04329	0.18937	0.12486	0.10264	0.13453	0.09215	0.08796	0.07240	0.05080	0.03685	0.01668	0.01053	0.02667
0.00511	0.15574	0.04322	0.03850	0.14780	0.12973	0.07203	0.07137	0.06825	0.05021	0.06208	0.04942	0.05264	0.03154	0.02238
0.00043	0.18424	0.11955	0.05293	0.12068	0.22813	0.11811	0.04523	0.02024	0.02240	0.02344	0.02457	0.01777	0.00986	0.01242

#time step 2
0.0039	0.0689	0.1067	0.1381	0.0661	0.0294	0.0186	0.0245	0.0155	0.0300	0.0499	0.0643	0.0419	0.0532	0.2890
0.0090	0.0572	0.0986	0.0734	0.2349	0.2403	0.0989	0.0668	0.0032	0.0024	0.0853	0.0047	0.0074	0.0038	0.0141
0.0080	0.0529	0.0900	0.2101	0.1967	0.2326	0.0807	0.0389	0.0119	0.0186	0.0066	0.0062	0.0121	0.0174	0.0172
0.0002	0.0110	0.0312	0.0658	0.2558	0.2995	0.2730	0.0169	0.0018	0.0030	0.0085	0.0032	0.0045	0.0082	0.0175
0.0011	0.0122	0.1442	0.3527	0.1058	0.2459	0.0389	0.0483	0.0095	0.0021	0.0011	0.0019	0.0053	0.0061	0.0248
0.0063	0.0767	0.1386	0.1191	0.1196	0.0585	0.0823	0.0961	0.0746	0.0365	0.0135	0.0267	0.0193	0.0350	0.0973
0.0196	0.1740	0.1319	0.1055	0.0974	0.1336	0.0785	0.0699	0.0728	0.0222	0.0202	0.0059	0.0245	0.0116	0.0323
0.0145	0.1349	0.2024	0.0872	0.0922	0.0688	0.0872	0.0627	0.0804	0.0541	0.0236	0.0070	0.0119	0.0120	0.0610
0.0000	0.0669	0.0856	0.1005	0.0995	0.1206	0.1469	0.1819	0.0701	0.0249	0.0119	0.0065	0.0123	0.0212	0.0511
0.0003	0.0767	0.0949	0.1240	0.0824	0.0496	0.0728	0.1260	0.2166	0.0576	0.0114	0.0120	0.0031	0.0176	0.0551
0.0067	0.0316	0.0887	0.1005	0.1091	0.0657	0.0616	0.1259	0.1548	0.1516	0.0259	0.0147	0.0071	0.0145	0.0417
0.0002	0.0454	0.0696	0.1033	0.0976	0.0933	0.0688	0.0710	0.1299	0.1539	0.1022	0.0205	0.0075	0.0046	0.0323
0.0042	0.0518	0.0831	0.0635	0.1005	0.0866	0.0584	0.0887	0.1534	0.1285	0.0767	0.0737	0.0048	0.0036	0.0225
0.0013	0.2070	0.0909	0.0558	0.0490	0.1158	0.0787	0.1229	0.1216	0.0786	0.0488	0.0180	0.0072	0.0010	0.0034
0.0005	0.0116	0.1288	0.0976	0.0865	0.0979	0.1644	0.1322	0.0943	0.0738	0.0545	0.0365	0.0099	0.0033	0.0081
0.0030	0.0967	0.1130	0.1736	0.0732	0.0819	0.0690	0.0926	0.0985	0.0649	0.0561	0.0277	0.0291	0.0145	0.0064
0.0012	0.0530	0.1026	0.1765	0.1646	0.1089	0.0847	0.1137	0.0739	0.0417	0.0397	0.0167	0.0080	0.0087	0.0061
0.0003	0.0131	0.1384	0.1761	0.1583	0.1688	0.1026	0.0891	0.0485	0.0500	0.0260	0.0167	0.0067	0.0025	0.0029
0.0002	0.0104	0.0973	0.1063	0.1633	0.1286	0.1598	0.1609	0.0733	0.0505	0.0255	0.0115	0.0074	0.0033	0.0016
0.0006	0.0085	0.0393	0.0922	0.2127	0.2149	0.1688	0.1225	0.0423	0.0330	0.0359	0.0129	0.0090	0.0046	0.0027
0.0018	0.0617	0.0572	0.0946	0.0946	0.1816	0.1490	0.1165	0.1186	0.0404	0.0404	0.0204	0.0108	0.0093	0.0030
0.0002	0.0402	0.0876	0.0707	0.1237	0.1122	0.1740	0.1427	0.0905	0.0648	0.0385	0.0248	0.0156	0.0076	0.0069
0.0002	0.0196	0.1714	0.1386	0.0991	0.1067	0.1077	0.1398	0.0821	0.0493	0.0419	0.0220	0.0093	0.0076	0.0048
0.0009	0.1233	0.0753	0.1606	0.1437	0.0913	0.0952	0.0755	0.0889	0.0542	0.0423	0.0220	0.0118	0.0062	0.0089
0.0003	0.0196	0.2681	0.0866	0.1450	0.1198	0.0683	0.0688	0.0526	0.0684	0.0454	0.0272	0.0190	0.0045	0.0063
0.0002	0.0423	0.1037	0.1760	0.0966	0.1613	0.0914	0.0670	0.0701	0.0801	0.0501	0.0379	0.0138	0.0048	0.0047
0.0026	0.0114	0.0608	0.0904	0.1939	0.0996	0.1990	0.1216	0.0489	0.0759	0.0308	0.0172	0.0366	0.0054	0.0060
0.0007	0.0267	0.0364	0.0597	0.0890	0.2788	0.0998	0.1350	0.0710	0.0527	0.0512	0.0347	0.0399	0.0103	0.0141
0.0001	0.0073	0.0610	0.0277	0.0582	0.1183	0.2774	0.1017	0.1213	0.0903	0.0379	0.0364	0.0275	0.0219	0.0129
0.0044	0.0217	0.0444	0.0689	0.0481	0.1423	0.1704	0.2412	0.0829	0.0673	0.0309	0.0232	0.0219	0.0135	0.0189
0.0003	0.0571	0.0666	0.0299	0.1074	0.0836	0.1188	0.1620	0.1809	0.0481	0.0474	0.0436	0.0184	0.0217	0.0142
0.0002	0.0328	0.0964	0.0969	0.0763	0.0996	0.0992	0.0929	0.0906	0.1864	0.0330	0.0235	0.0253	0.0168	0.0302
0.0003	0.0067	0.1394	0.1222	0.1086	0.0987	0.1163	0.0821	0.0810	0.0884	0.0642	0.0283	0.0208	0.0166	0.0266
0.0013	0.0158	0.0214	0.2130	0.1913	0.1234	0.0809	0.0731	0.0596	0.0593	0.0564	0.0376	0.0232	0.0179	0.0259
0.0072	0.1399	0.0638	0.0358	0.2733	0.1585	0.0488	0.0419	0.0391	0.0358	0.0406	0.0492	0.0246	0.0080	0.0335
0.0005	0.1267	0.1770	0.0652	0.0949	0.2068	0.0966	0.0632	0.0267	0.0398	0.0259	0.0305	0.0224	0.0119	0.0120

#Coefficient of Variation
 #Region 1 = bay cv
 #Time step 1
#0.360	0.121	0.345	0.254	0.558	0.444	0.348	0.358	0.203	0.250	0.135	0.117	0.100	0.084	0.082	0.064	0.066	0.063	0.078	0.068	0.075	0.064	0.074	0.102	0.081	0.094	0.082	0.082	0.150	0.089	0.1184	0.0709	0.1107	0.0846	0.0988	0.0983 
#0.1	0.1	0.1	0.1	0.1	0.1	0.1	0.1	0.1	0.1	0.1	0.1	0.1	0.1	0.1	0.1	0.1	0.1	0.1	0.1	0.1	0.1	0.1	0.1	0.1	0.1	0.1	0.1	0.1	0.1	0.1	0.1	0.1	0.1	0.1	0.1
0.2	0.2	0.2	0.2	0.2	0.2	0.2	0.2	0.2	0.2	0.2	0.2	0.2	0.2	0.2	0.2	0.2	0.2	0.2	0.2	0.2	0.2	0.2	0.2	0.2	0.2	0.2	0.2	0.2	0.2	0.2	0.2	0.2	0.2	0.2	0.2
 #Time Step 2
#0.1	0.1	0.1	0.1	0.1	0.1	0.1	0.1	0.1	0.1	0.1	0.1	0.1	0.1	0.1	0.1	0.1	0.1	0.1	0.1	0.1	0.1	0.1	0.1	0.1	0.1	0.1	0.1	0.1	0.1	0.1	0.1	0.1	0.1	0.1	0.1
0.2	0.2	0.2	0.2	0.2	0.2	0.2	0.2	0.2	0.2	0.2	0.2	0.2	0.2	0.2	0.2	0.2	0.2	0.2	0.2	0.2	0.2	0.2	0.2	0.2	0.2	0.2	0.2	0.2	0.2	0.2	0.2	0.2	0.2	0.2	0.2

#Region 2 = coast cv
 #Time Step 1 
#0.182	0.431	0.242	0.541	0.302	0.183	0.215	0.176	0.101	0.104	0.106	0.068	0.052	0.100	0.044	0.042	0.050	0.053	0.049	0.042	0.044	0.044	0.082	0.064	0.054	0.058	0.063	0.055	0.064	0.059	0.0725	0.0643	0.0799	0.0777	0.0841	0.0693
#0.1	0.1	0.1	0.1	0.1	0.1	0.1	0.1	0.1	0.1	0.1	0.1	0.1	0.1	0.1	0.1	0.1	0.1	0.1	0.1	0.1	0.1	0.1	0.1	0.1	0.1	0.1	0.1	0.1	0.1	0.1	0.1	0.1	0.1	0.1	0.1
0.2	0.2	0.2	0.2	0.2	0.2	0.2	0.2	0.2	0.2	0.2	0.2	0.2	0.2	0.2	0.2	0.2	0.2	0.2	0.2	0.2	0.2	0.2	0.2	0.2	0.2	0.2	0.2	0.2	0.2	0.2	0.2	0.2	0.2	0.2	0.2
 #Time step 2
#0.1	0.1	0.1	0.1	0.1	0.1	0.1	0.1	0.1	0.1	0.1	0.1	0.1	0.1	0.1	0.1	0.1	0.1	0.1	0.1	0.1	0.1	0.1	0.1	0.1	0.1	0.1	0.1	0.1	0.1	0.1	0.1	0.1	0.1	0.1	0.1 
0.2	0.2	0.2	0.2	0.2	0.2	0.2	0.2	0.2	0.2	0.2	0.2	0.2	0.2	0.2	0.2	0.2	0.2	0.2	0.2	0.2	0.2	0.2	0.2	0.2	0.2	0.2	0.2	0.2	0.2	0.2	0.2	0.2	0.2	0.2	0.2


#***********************************************************
#****          Different Survey Information             ****
#***********************************************************

#first age to use in proportions at age likelihood (Ivector)
 #nsurv_a ages 1-15
1
 #nusrv_b ages 2-15
2
 #nsurv_c ages 2-13
2

#last ageto use in proportions at age likelihood (Ivector)
 #nsurv_a ages 1-15
15
 #nusrv_b ages 2-15
15
 #nsurv_c ages 2-13
13


#observed indices of abundance
 # MD spawning stock survey (table B5.5)
#-99	-99	-99	4.88	10.07	7.15	3.27	3.96	5.04	4.61	6.29	6.25	5.13	4.62	7.59	3.83	4.79	4.02	3.54	2.87	4.10	4.50	6.05	4.96	4.92	2.14	4.37	5.70	4.53	4.58	2.65	4.42	5.57	7.34	3.96	5.46
#-99	-99	-99	1.653440211	2.602481845	1.964022976	1.904128238	1.615551206	1.131787842	1.22784695	1.459056961	1.421744981	1.370026641	1.340211092	1.603435404	1.107062615	1.165076885	1.018389568	1.023779544	1.08086702	1.033475708	0.998986408	1.035450004	0.937874853	1.035752245	0.793022072	0.762335038	0.913487018	0.857672422	1.056604089	0.824507622	0.923575736	0.965926853	1.140002346	0.910796809	1.020568597
#-99     -99     -99     0.892194705	1.512350918	1.964001307	1.521027936	1.413383207	1.216696868	1.251472026	1.672878155	1.579519928	1.12894333	1.290690408	1.833181112	1.238504076	1.269470477	1.032543479	1.122962882	1.0539042	1.095484528	1.079738719	1.275112936	1.138866729	1.331313442	0.954847485	0.899398121	1.312834087	1.206384499	1.448206687	1.170876178	1.140358273	1.481613372	1.753843592	1.238384852	1.437968075
#-99	-99	-99	-99	-99	-99	-99	-99	1.216696868	1.251472026	1.672878155	1.579519928	1.12894333	1.290690408	1.833181112	1.238504076	1.269470477	1.032543479	1.122962882	1.0539042	1.095484528	1.079738719	1.275112936	1.138866729	1.331313442	0.954847485	0.899398121	1.312834087	1.206384499	1.448206687	1.170876178	1.140358273	1.481613372	1.753843592	1.238384852	1.437968075
-99	-99	-99	-99	-99	-99	-99	-99	-99	-99	-99	-99	-99	-99	-99	1.238504076	1.269470477	1.032543479	1.122962882	1.0539042	1.095484528	1.079738719	1.275112936	1.138866729	1.331313442	0.954847485	0.899398121	1.312834087	1.206384499	1.448206687	1.170876178	1.140358273	1.481613372	1.753843592	1.238384852	1.437968075

#NY OHS
-99	-99	-99	-99	-99	3.83	3.60	2.58	3.50	3.28	3.00	3.32	2.90	2.84	5.11	4.84	5.01	3.46	4.36	3.47	3.23	4.24	4.88	3.91	4.37	-99	-99	-99	-99	-99	-99	-99	-99	-99	-99	-99
#-99	-99	-99	-99	-99	37.74200584	17.7980283	6.640633641	17.9631425	6.28241184	11.96963849	25.98301045	16.90992249	4.710183686	14.1445214	12.3605657	4.883166319	18.83221908	52.23245683	13.22442255	7.538839248	-99	30.59990738	30.73541054	9.993245303	-99	-99	-99	-99	-99	-99	-99	-99	-99	-99	-99

 #NJOT
-99	-99	-99	-99	-99	-99	-99	-99	2.20	2.72	1.49	1.60	2.01	13.94	17.10	17.08	15.78	9.57	10.87	3.91	10.13	14.36	10.00	28.06	8.87	14.14	3.68	12.76	3.54	7.16	16.65	8.84	8.29	0.77	2.01	18.25
#-99	-99	-99	-99	-99	-99	-99	0.742769626	1.185456259	1.004198444	0.859618486	0.824130339	1.056919571	2.95069815	2.754413424	2.861211614	3.832127961	1.966490172	3.20098435	1.540133079	1.396233977	3.400086894	2.982652474	4.038942704	2.159859729	3.017485011	1.242206387	2.217452084	0.884089532	1.70493838	2.351952013	1.547870956	1.113627528	0.897388662	1.387060948	-99

 #DESSN
-99	-99	-99	-99	-99	-99	-99	-99	-99	-99	-99	-99	-99	-99	1.81	2.16	2.12	1.47	1.66	1.88	1.60	3.21	2.81	1.77	2.22	1.78	1.72	1.25	2.69	3.25	1.94	2.10	2.43	0.86	0.49	1.75
#-99	-99	-99	-99	-99	-99	-99	-99	-99	-99	-99	-99	-99	-99	1.076181214	1.666182423	1.82336514	1.354800763	2.228286587	1.840245831	1.651134124	1.677945399	1.941533946	1.513480331	2.107728613	2.489165335	1.339024458	1.120093838	1.650331279	2.074585284	2.120512271	2.073977938	0.974777906	0.974471188	0.966450891	-99

 #DE30-DE bottom trawl indices of abundance
-99	-99	-99	-99	-99	-99	-99	-99	2.38	0.32	1.72	2.93	6.36	16.47	9.64	4.32	2.23	12.48	6.43	3.48	7.75	2.53	1.08	2.60	4.04	1.98	2.39	1.22	2.25	1.15	1.74	1.44	1.92	2.93	1.45	1.66
#-99	-99	-99	-99	-99	-99	-99	-99	0.5	0.5	0.656631753	0.77763985	0.721124785	0.708092453	0.807349743	0.564915482	0.600468478	0.850374395	0.675533376	1.54734434	0.701266769	0.788573338	0.815120213	0.609188312	0.738717654	0.669021546	0.697956919	0.656631753	0.617753399	0.81657656	0.783066019	0.5	0.531467535	0.747059552	0.819338117	-99

 #chesMMAP indicies of abundance
 #Time step 1
#-99	-99	-99	-99	-99	-99	-99	-99	-99	-99	-99	-99	-99	-99	-99	-99	-99	-99	-99	-99	31.94	77.74	86.76	146.19	84.48	71.86	50.62	20.89	20.13	27.31	109.14	74.21	43.74	55.26	139.43	148.20
-99	-99	-99	-99	-99	-99	-99	-99	-99	-99	-99	-99	-99	-99	-99	-99	-99	-99	-99	-99	23.85	46.86880117	44.61666667	79.25	46.15454545	34.85	31.7547619	34.10882353	27.84117647	35.29090909	72.46904762	49.95	50	53.82142857	76.21111111	89.17142857
 #Time step 2
#-99	-99	-99	-99	-99	-99	-99	-99	-99	-99	-99	-99	-99	-99	-99	-99	-99	-99	-99	-99	31.94	77.74	86.76	146.19	84.48	71.86	50.62	20.89	20.13	27.31	109.14	74.21	43.74	55.26	139.43	148.20 
-99	-99	-99	-99	-99	-99	-99	-99	-99	-99	-99	-99	-99	-99	-99	-99	-99	-99	-99	-99	13.95	27.71776316	48.61507937	78.25882353	46.11666667	36.91666667	41.2	21.7	26.3	23.6	14	35.15	33.52142857	35.66666667	39.75	38.75

 #CT LIST/TRAWL
 #time step 1, same as assessment because they only use spring tows
-99	-99	-99	-99	-99	0.05	0.04	0.06	0.16	0.15	0.22	0.27	0.30	0.59	0.64	0.86	0.97	1.11	0.84	0.61	1.30	0.87	0.56	1.17	0.61	1.02	0.57	0.60	0.40	0.48	0.43	0.67	0.41	0.20	0.48	0.34
#-99	-99	-99	-99	-99	0.125651144	0.114929115	0.130337831	0.163541667	0.164168118	0.195943443	0.231785448	0.245064138	0.424940712	0.431668275	0.63043972	0.709481486	0.904664979	0.628084046	0.400307929	1.170240372	0.676129042	0.415243511	0.814875113	0.468082944	0.735142537	0.412214238	0.368958344	0.274767884	0.303131943	0.315333301	0.499519628	0.272590737	0.181992355	0.334263642	0.251739008
 #Time step 2, calculated by the DEEP
#-99	-99	-99	-99	-99	0.01	0.03	0.00	0.00	0.05	0.05	0.09	0.06	0.08	0.13	0.40	0.18	0.23	0.27	0.23	0.37	0.12	0.77	0.25	0.47	0.38	0.44	0.30	-99	0.24	0.17	0.26	0.17	0.26	0.14	0.16
#-99	-99	-99	-99	-99	0.103878995	0.106853795	0.1	0.1	0.121974982	0.119418426	0.141268411	0.135943988	0.130164257	0.144093813	0.287285476	0.183379022	0.183731379	0.207732596	0.209313662	0.287363647	0.153110401	0.448869984	0.213767829	0.30489739	0.24207586	0.325444002	0.222885845	-99	0.192108569	0.160400132	0.211965828	0.156319262	0.175933882	0.143869072	0.165244573
-99	-99	-99	-99	-99	0.01	0.03	-99	-99	0.05	0.05	0.09	0.06	0.08	0.13	0.40	0.18	0.23	0.27	0.23	0.37	0.12	0.77	0.25	0.47	0.38	0.44	0.30	-99	0.24	0.17	0.26	0.17	0.26	0.14	0.16

#MRIP
#0.16	0.38	0.44	0.12	0.27	0.46	0.47	0.44	0.64	0.79	1.91	1.78	2.53	3.63	4.08	4.59	4.77	4.58	4.22	3.44	3.17	2.97	2.06	2.60	2.84	1.92	1.75	1.61	1.48	1.16	1.22	2.21	1.66	1.62	1.63	2.96


#observed IOA proportion at age (no age 1)
 #MD SSN
-99.00000	-99.00000	-99.00000	-99.00000	-99.00000	-99.00000	-99.00000	-99.00000	-99.00000	-99.00000	-99.00000	-99.00000	-99.00000	-99.00000
-99.00000	-99.00000	-99.00000	-99.00000	-99.00000	-99.00000	-99.00000	-99.00000	-99.00000	-99.00000	-99.00000	-99.00000	-99.00000	-99.00000
-99.00000	-99.00000	-99.00000	-99.00000	-99.00000	-99.00000	-99.00000	-99.00000	-99.00000	-99.00000	-99.00000	-99.00000	-99.00000	-99.00000
-99.00000	-99.00000	-99.00000	-99.00000	-99.00000	-99.00000	-99.00000	-99.00000	-99.00000	-99.00000	-99.00000	-99.00000	-99.00000	-99.00000
-99.00000	-99.00000	-99.00000	-99.00000	-99.00000	-99.00000	-99.00000	-99.00000	-99.00000	-99.00000	-99.00000	-99.00000	-99.00000	-99.00000
-99.00000	-99.00000	-99.00000	-99.00000	-99.00000	-99.00000	-99.00000	-99.00000	-99.00000	-99.00000	-99.00000	-99.00000	-99.00000	-99.00000
-99.00000	-99.00000	-99.00000	-99.00000	-99.00000	-99.00000	-99.00000	-99.00000	-99.00000	-99.00000	-99.00000	-99.00000	-99.00000	-99.00000
-99.00000	-99.00000	-99.00000	-99.00000	-99.00000	-99.00000	-99.00000	-99.00000	-99.00000	-99.00000	-99.00000	-99.00000	-99.00000	-99.00000
-99.00000	-99.00000	-99.00000	-99.00000	-99.00000	-99.00000	-99.00000	-99.00000	-99.00000	-99.00000	-99.00000	-99.00000	-99.00000	-99.00000
-99.00000	-99.00000	-99.00000	-99.00000	-99.00000	-99.00000	-99.00000	-99.00000	-99.00000	-99.00000	-99.00000	-99.00000	-99.00000	-99.00000
-99.00000	-99.00000	-99.00000	-99.00000	-99.00000	-99.00000	-99.00000	-99.00000	-99.00000	-99.00000	-99.00000	-99.00000	-99.00000	-99.00000
-99.00000	-99.00000	-99.00000	-99.00000	-99.00000	-99.00000	-99.00000	-99.00000	-99.00000	-99.00000	-99.00000	-99.00000	-99.00000	-99.00000
-99.00000	-99.00000	-99.00000	-99.00000	-99.00000	-99.00000	-99.00000	-99.00000	-99.00000	-99.00000	-99.00000	-99.00000	-99.00000	-99.00000
-99.00000	-99.00000	-99.00000	-99.00000	-99.00000	-99.00000	-99.00000	-99.00000	-99.00000	-99.00000	-99.00000	-99.00000	-99.00000	-99.00000
-99.00000	-99.00000	-99.00000	-99.00000	-99.00000	-99.00000	-99.00000	-99.00000	-99.00000	-99.00000	-99.00000	-99.00000	-99.00000	-99.00000
0.07732	0.14336	0.33832	0.14101	0.11629	0.05634	0.04587	0.02635	0.01449	0.00581	0.00322	0.00165	0.00021	0.00008
0.05435	0.21654	0.28780	0.20622	0.09944	0.04484	0.03006	0.02434	0.01714	0.00767	0.00413	0.00206	0.00197	0.00056
0.02176	0.18145	0.23491	0.19305	0.20236	0.06884	0.02908	0.02498	0.01496	0.01316	0.00662	0.00469	0.00129	0.00142
0.06725	0.05743	0.23953	0.28480	0.14514	0.10134	0.03596	0.01567	0.01611	0.00842	0.00517	0.00265	0.00206	0.00079
0.07104	0.11310	0.16356	0.23292	0.13707	0.09331	0.07578	0.02343	0.02025	0.01551	0.01376	0.00553	0.00329	0.00052
0.11246	0.09299	0.14948	0.17211	0.17448	0.12212	0.05156	0.06011	0.01911	0.01287	0.00711	0.00559	0.00175	0.00601
0.13292	0.14887	0.15378	0.13988	0.10933	0.10059	0.06120	0.05572	0.05349	0.01948	0.01162	0.00654	0.00326	0.00329
0.04979	0.23573	0.20173	0.09455	0.08593	0.07312	0.06514	0.04631	0.03415	0.03392	0.01451	0.00773	0.00389	0.00366
0.14218	0.07766	0.22784	0.17590	0.06993	0.05186	0.03954	0.06668	0.04844	0.04542	0.02651	0.01059	0.00408	0.00683
0.06781	0.19880	0.16041	0.21382	0.11501	0.04510	0.03600	0.03448	0.04227	0.02397	0.01644	0.01446	0.00445	0.01002
0.04657	0.06038	0.34172	0.15412	0.14959	0.05944	0.03648	0.03723	0.03206	0.03567	0.01921	0.00875	0.00629	0.00758
0.01450	0.05777	0.15692	0.31859	0.09171	0.09432	0.05332	0.02379	0.03729	0.03229	0.04450	0.01631	0.01408	0.01734
0.05669	0.04500	0.22104	0.21231	0.18992	0.04015	0.05433	0.04221	0.01993	0.02817	0.02603	0.03130	0.01191	0.01798
0.01026	0.16269	0.15343	0.20336	0.17423	0.15477	0.03588	0.03635	0.01873	0.00744	0.00889	0.00905	0.00997	0.00828
0.04700	0.06130	0.28426	0.12266	0.15022	0.11947	0.08189	0.02477	0.03311	0.01802	0.00962	0.00895	0.00611	0.01158
0.09290	0.13664	0.10700	0.19834	0.11136	0.08220	0.03391	0.04299	0.01687	0.02659	0.00931	0.00905	0.01167	0.02807
0.08924	0.15991	0.23047	0.15248	0.14480	0.05856	0.03761	0.03540	0.04765	0.01367	0.01561	0.00349	0.00243	0.00784
0.01291	0.29200	0.20651	0.23238	0.08630	0.05640	0.02291	0.02251	0.01976	0.02571	0.00324	0.00546	0.00142	0.00671
0.07470	0.04151	0.31259	0.17851	0.06836	0.05164	0.05035	0.02329	0.03900	0.02519	0.02773	0.00588	0.01239	0.01001
0.07296	0.08267	0.11216	0.38316	0.11129	0.03667	0.01873	0.01995	0.01349	0.02549	0.02436	0.02736	0.00369	0.00971
0.07428	0.10790	0.13450	0.21154	0.27426	0.05274	0.03193	0.01802	0.01970	0.01323	0.02144	0.01018	0.00741	0.00395


#NY OHS
-99	-99	-99	-99	-99	-99	-99	-99	-99	-99	-99	-99
-99	-99	-99	-99	-99	-99	-99	-99	-99	-99	-99	-99
-99	-99	-99	-99	-99	-99	-99	-99	-99	-99	-99	-99
-99	-99	-99	-99	-99	-99	-99	-99	-99	-99	-99	-99
-99	-99	-99	-99	-99	-99	-99	-99	-99	-99	-99	-99
0.031815908	0.194997499	0.35927964	0.27883942	0.088344172	0.034917459	0.006703352	0.00170085	0	0.0006003	0	0.002801401
0.226314733	0.269670815	0.19520273	0.166599759	0.085407467	0.021878764	0.014452027	0.003914091	0.002107587	0.000702529	0	0.013749498
0.183612141	0.269458079	0.148051688	0.159871782	0.102674547	0.093759391	0.021736953	0.003005109	0.002003406	0.003005109	0.002003406	0.010818391
0.060787842	0.295640872	0.306238752	0.113877225	0.098480304	0.055688862	0.044391122	0.015796841	0.00579884	0.0009998	0	0.00229954
0.207145002	0.3668568	0.24407085	0.051936355	0.016611628	0.025317722	0.04162914	0.023016111	0.006304413	0.002001401	0.003602522	0.011508056
0.079207921	0.416641664	0.257725773	0.121112111	0.03290329	0.01430143	0.0170017	0.0250025	0.01750175	0.00320032	0.00580058	0.00960096
0.156691729	0.387769424	0.291528822	0.070275689	0.032882206	0.009423559	0.009022556	0.011528822	0.013132832	0.007017544	0.002506266	0.008220551
0.141353383	0.271177945	0.156591479	0.134937343	0.083408521	0.054736842	0.037593985	0.022255639	0.040701754	0.01273183	0.024160401	0.020350877
0.246305419	0.270935961	0.255554439	0.072383633	0.066150598	0.035387554	0.012365537	0.005428772	0.012365537	0.011561275	0.003116518	0.008444757
0.083208321	0.747574757	0.114211421	0.03280328	0.00940094	0.00730073	0.00270027	0.00130013	0.00070007	0	0.00050005	0.00030003
0.206279372	0.242475752	0.450754925	0.066893311	0.01839816	0.00369963	0.00369963	0.00389961	0.00169983	0.00069993	0.00089991	0.00059994
0.18767507	0.297018808	0.171468587	0.285614246	0.036614646	0.009103641	0.005802321	0.00290116	0.00020008	0.0010004	0.0015006	0.00110044
0.069818692	0.628768907	0.172493239	0.059501152	0.043874587	0.005008514	0.003205449	0.004607833	0.00350596	0.003906641	0.000701192	0.004607833
0.127529553	0.193348026	0.434582248	0.15437788	0.036465638	0.036866359	0.004107393	0.003907033	0.001602885	0.001803246	0.001001803	0.004407934
0.052452452	0.455755756	0.147547548	0.213113113	0.073573574	0.027427427	0.019419419	0.003203203	0.003903904	0.001101101	0	0.002502503
0.323373107	0.226712123	0.184798957	0.080717938	0.073698987	0.057354858	0.019853605	0.019853605	0.00130352	0.004812995	0.001804873	0.005715432
0.202442932	0.365138166	0.1252503	0.092310773	0.040648779	0.064677613	0.050660793	0.022727273	0.017721266	0.012615138	0.000901081	0.004905887
0.0501	0.5698	0.2734	0.0628	0.0222	0.0076	0.0061	0.0036	0.0011	0.0014	0.0017	0.0002
0.244375562	0.127987201	0.412558744	0.136986301	0.03359664	0.01379862	0.00349965	0.0089991	0.00649935	0.00349965	0.00369963	0.00449955
0.063906391	0.635963596	0.072807281	0.161016102	0.04240424	0.01440144	0.00570057	0.00250025	0.00030003	0.0010001	0	0
-99	-99	-99	-99	-99	-99	-99	-99	-99	-99	-99	-99
-99	-99	-99	-99	-99	-99	-99	-99	-99	-99	-99	-99
-99	-99	-99	-99	-99	-99	-99	-99	-99	-99	-99	-99
-99	-99	-99	-99	-99	-99	-99	-99	-99	-99	-99	-99
-99	-99	-99	-99	-99	-99	-99	-99	-99	-99	-99	-99
-99	-99	-99	-99	-99	-99	-99	-99	-99	-99	-99	-99
-99	-99	-99	-99	-99	-99	-99	-99	-99	-99	-99	-99
-99	-99	-99	-99	-99	-99	-99	-99	-99	-99	-99	-99
-99	-99	-99	-99	-99	-99	-99	-99	-99	-99	-99	-99
-99	-99	-99	-99	-99	-99	-99	-99	-99	-99	-99	-99
-99	-99	-99	-99	-99	-99	-99	-99	-99	-99	-99	-99
 #NJOT
-99	-99	-99	-99	-99	-99	-99	-99	-99	-99	-99	-99	-99	-99
-99	-99	-99	-99	-99	-99	-99	-99	-99	-99	-99	-99	-99	-99
-99	-99	-99	-99	-99	-99	-99	-99	-99	-99	-99	-99	-99	-99
-99	-99	-99	-99	-99	-99	-99	-99	-99	-99	-99	-99	-99	-99
-99	-99	-99	-99	-99	-99	-99	-99	-99	-99	-99	-99	-99	-99
-99	-99	-99	-99	-99	-99	-99	-99	-99	-99	-99	-99	-99	-99
-99	-99	-99	-99	-99	-99	-99	-99	-99	-99	-99	-99	-99	-99
-99	-99	-99	-99	-99	-99	-99	-99	-99	-99	-99	-99	-99	-99
0.0769	0.1788	0.2360	0.1014	0.1420	0.1012	0.0754	0.0614	0.0178	0.0075	0.0016	0.0000	0	0
0.1912	0.2824	0.1155	0.0207	0.0197	0.0977	0.0985	0.0644	0.0682	0.0417	0.0000	0.0000	0	0
0.0455	0.6779	0.0484	0.0234	0.0276	0.0639	0.0425	0.0541	0.0167	0.0000	0.0000	0.0000	0	0
0.5333	0.0633	0.1477	0.1048	0.0934	0.0458	0.0035	0.0000	0.0000	0.0083	0.0000	0.0000	0	0
0.2196	0.4400	0.1204	0.0801	0.0458	0.0343	0.0214	0.0272	0.0112	0.0000	0.0000	0.0000	0	0
0.5945	0.2731	0.0349	0.0375	0.0300	0.0154	0.0071	0.0048	0.0011	0.0016	0.0000	0.0000	0	0
0.1112	0.7608	0.0622	0.0260	0.0209	0.0137	0.0046	0.0006	0.0001	0.0000	0.0000	0.0000	0	0
0.3683	0.0885	0.3190	0.1223	0.0476	0.0240	0.0125	0.0080	0.0045	0.0023	0.0010	0.0015	6.24E-05	0.000302
0.5920	0.1024	0.0526	0.1161	0.0599	0.0355	0.0200	0.0129	0.0053	0.0026	0.0002	0.0004	0	0
0.0221	0.3828	0.1815	0.1894	0.1435	0.0457	0.0180	0.0120	0.0051	0.0000	0.0000	0.0000	0	0
0.1981	0.0915	0.1178	0.1707	0.1841	0.1099	0.0483	0.0340	0.0228	0.0122	0.0073	0.0027	0.000315	0.000187
0.1798	0.1680	0.1251	0.2662	0.1613	0.0635	0.0256	0.0084	0.0021	0.0000	0.0000	0.0000	0	0
0.0192	0.0072	0.0539	0.1373	0.2506	0.2202	0.1415	0.0940	0.0301	0.0193	0.0167	0.0084	0.001665	0
0.4955	0.0902	0.0267	0.0737	0.0784	0.1113	0.0587	0.0286	0.0239	0.0058	0.0032	0.0011	0.001129	0.001943
0.1493	0.5719	0.0580	0.0347	0.0548	0.0442	0.0396	0.0230	0.0154	0.0032	0.0023	0.0037	0	0
0.6556	0.1126	0.0585	0.0883	0.0360	0.0254	0.0104	0.0067	0.0029	0.0012	0.0008	0.0002	0.0008	0.0008
0.0814	0.0982	0.0579	0.2676	0.2435	0.1019	0.0689	0.0448	0.0255	0.0052	0.0036	0.0007	0.000727	0
0.2326	0.1724	0.2994	0.0833	0.1196	0.0562	0.0185	0.0099	0.0062	0.0014	0.0001	0.0003	0	0
0.1205	0.0737	0.0902	0.3544	0.0932	0.1213	0.0793	0.0311	0.0156	0.0117	0.0046	0.0022	0.000937	0.001241
0.1000	0.0003	0.0222	0.1499	0.4446	0.0889	0.1016	0.0532	0.0287	0.0082	0.0024	0.0000	0	0
0.0291	0.0104	0.0063	0.0533	0.1934	0.4811	0.0986	0.0752	0.0294	0.0106	0.0073	0.0028	0.002407	0
0.1118	0.0858	0.0757	0.0223	0.1092	0.1635	0.2821	0.0825	0.0594	0.0076	0.0000	0.0000	0	0
0.2201	0.0750	0.0392	0.0757	0.0515	0.1069	0.1750	0.2056	0.0412	0.0099	0.0000	0.0000	0	0
0.6483	0.1400	0.0064	0.0134	0.0433	0.0340	0.0547	0.0388	0.0187	0.0015	0.0006	0.0003	0	0
0.0707	0.8030	0.1263	0.0000	0.0000	0.0000	0.0000	0.0000	0.0000	0.0000	0.0000	0.0000	0	0
0.3333	0.6667	0.0000	0.0000	0.0000	0.0000	0.0000	0.0000	0.0000	0.0000	0.0000	0.0000	0	0
0.5922	0.1442	0.0568	0.0371	0.0337	0.0387	0.0292	0.0200	0.0201	0.0141	0.0075	0.0050	0.001344	0.000223
0.1699	0.5363	0.0465	0.0255	0.0965	0.0627	0.0488	0.0017	0.0017	0.0077	0.0028	0.0000	0	0
 #DESSN
-99	-99	-99	-99	-99	-99	-99	-99	-99	-99	-99	-99
-99	-99	-99	-99	-99	-99	-99	-99	-99	-99	-99	-99
-99	-99	-99	-99	-99	-99	-99	-99	-99	-99	-99	-99
-99	-99	-99	-99	-99	-99	-99	-99	-99	-99	-99	-99
-99	-99	-99	-99	-99	-99	-99	-99	-99	-99	-99	-99
-99	-99	-99	-99	-99	-99	-99	-99	-99	-99	-99	-99
-99	-99	-99	-99	-99	-99	-99	-99	-99	-99	-99	-99
-99	-99	-99	-99	-99	-99	-99	-99	-99	-99	-99	-99
-99	-99	-99	-99	-99	-99	-99	-99	-99	-99	-99	-99
-99	-99	-99	-99	-99	-99	-99	-99	-99	-99	-99	-99
-99	-99	-99	-99	-99	-99	-99	-99	-99	-99	-99	-99
-99	-99	-99	-99	-99	-99	-99	-99	-99	-99	-99	-99
-99	-99	-99	-99	-99	-99	-99	-99	-99	-99	-99	-99
-99	-99	-99	-99	-99	-99	-99	-99	-99	-99	-99	-99
0.0060	0.4170	0.1920	0.0610	0.0850	0.0760	0.0640	0.0580	0.0150	0.0090	0.0090	0.0090
0.0930	0.0740	0.3910	0.1370	0.0510	0.0640	0.0730	0.0320	0.0300	0.0230	0.0090	0.0230
0.0400	0.0870	0.0980	0.3470	0.0900	0.0610	0.1050	0.0950	0.0340	0.0250	0.0080	0.0110
0.0000	0.1050	0.1440	0.1770	0.2350	0.0720	0.0540	0.0760	0.0580	0.0510	0.0140	0.0140
0.0360	0.0360	0.2100	0.1710	0.1380	0.2230	0.0660	0.0300	0.0390	0.0320	0.0100	0.0100
0.0060	0.1150	0.1000	0.1850	0.1100	0.1400	0.2000	0.0500	0.0150	0.0400	0.0200	0.0200
0.0340	0.0710	0.1910	0.1780	0.1570	0.1130	0.0890	0.0970	0.0260	0.0160	0.0100	0.0180
0.0200	0.0970	0.0970	0.1340	0.0890	0.1110	0.1250	0.1050	0.1210	0.0340	0.0280	0.0380
0.0070	0.1660	0.2310	0.0980	0.0680	0.0540	0.1120	0.0780	0.0810	0.0440	0.0140	0.0470
0.0960	0.1570	0.1680	0.1980	0.0810	0.0460	0.0300	0.0360	0.0610	0.0360	0.0460	0.0460
0.0595	0.2007	0.0967	0.1413	0.1413	0.0706	0.0520	0.0409	0.0483	0.0483	0.0372	0.0632
0.0061	0.0887	0.3700	0.1804	0.1009	0.0734	0.0306	0.0245	0.0306	0.0275	0.0398	0.0275
0.0299	0.0329	0.1257	0.3024	0.1467	0.1317	0.0449	0.0359	0.0359	0.0269	0.0449	0.0419
0.1296	0.1014	0.0930	0.1803	0.1352	0.0901	0.0789	0.0366	0.0338	0.0169	0.0282	0.0761
0.1469	0.2041	0.1204	0.1143	0.1224	0.0898	0.0469	0.0429	0.0245	0.0224	0.0204	0.0449
0.0220	0.0550	0.1890	0.1720	0.1300	0.0950	0.1140	0.0950	0.0450	0.0300	0.0120	0.0410
0.1538	0.2985	0.2062	0.0308	0.0338	0.0185	0.0677	0.0338	0.0185	0.0154	0.0554	0.0677
0.0382	0.0795	0.0572	0.0684	0.1701	0.1590	0.1335	0.1145	0.0636	0.0334	0.0270	0.0556
-99	-99	-99	-99	-99	-99	-99	-99	-99	-99	-99	-99
0.0496	0.0780	0.1560	0.2199	0.1064	0.0922	0.0426	0.0213	0.0638	0.0851	0.0355	0.0496
0.0000	0.0051	0.1020	0.3010	0.2602	0.1224	0.0510	0.0357	0.0102	0.0357	0.0102	0.0663
0.109948	0.151832	0.13089	0.115183	0.120419	0.17801	0.062827	0.036649	0.026178	0.041885	0.020942	0
 #DE30'
-99	-99	-99	-99	-99	-99	-99	-99	-99	-99	-99	-99	-99	-99	-99
-99	-99	-99	-99	-99	-99	-99	-99	-99	-99	-99	-99	-99	-99	-99
-99	-99	-99	-99	-99	-99	-99	-99	-99	-99	-99	-99	-99	-99	-99
-99	-99	-99	-99	-99	-99	-99	-99	-99	-99	-99	-99	-99	-99	-99
-99	-99	-99	-99	-99	-99	-99	-99	-99	-99	-99	-99	-99	-99	-99
-99	-99	-99	-99	-99	-99	-99	-99	-99	-99	-99	-99	-99	-99	-99
-99	-99	-99	-99	-99	-99	-99	-99	-99	-99	-99	-99	-99	-99	-99
-99	-99	-99	-99	-99	-99	-99	-99	-99	-99	-99	-99	-99	-99	-99
-99	-99	-99	-99	-99	-99	-99	-99	-99	-99	-99	-99	-99	-99	-99
-99	-99	-99	-99	-99	-99	-99	-99	-99	-99	-99	-99	-99	-99	-99
-99	-99	-99	-99	-99	-99	-99	-99	-99	-99	-99	-99	-99	-99	-99
-99	-99	-99	-99	-99	-99	-99	-99	-99	-99	-99	-99	-99	-99	-99
-99	-99	-99	-99	-99	-99	-99	-99	-99	-99	-99	-99	-99	-99	-99
-99	-99	-99	-99	-99	-99	-99	-99	-99	-99	-99	-99	-99	-99	-99
-99	-99	-99	-99	-99	-99	-99	-99	-99	-99	-99	-99	-99	-99	-99
-99	-99	-99	-99	-99	-99	-99	-99	-99	-99	-99	-99	-99	-99	-99
-99	-99	-99	-99	-99	-99	-99	-99	-99	-99	-99	-99	-99	-99	-99
0.101438	0.227636	0.27476	        0.242209	0.072652	0.047356	0.01804	        0.006554	0.006162	0.003195	0	0	0	0	0
-99	-99	-99	-99	-99	-99	-99	-99	-99	-99	-99	-99	-99	-99	-99
-99	-99	-99	-99	-99	-99	-99	-99	-99	-99	-99	-99	-99	-99	-99
0.215007	0.290314	0.176497	0.068182	0.056818	0.125	        0.056818	0               0               0               0.011364	0               0               0               0
0.132479	0.295543	0.442712	0.076085	0.009972	0.026591	0.006648	0.009972	0	        0	        0	        0	        0	        0	        0
0.14375	        0.20625	        0.150699	0.1559	        0.035892	0.068396	0.054117	0.079904	0.051454	0.025798	0.019129	0.008712	0	        0	        0
0.295704	0.331853	0.05206	        0.059996	0.128438	0.05677	        0.058924	0.007095	0.005091	0.003084	0.000649	0	        0.000337	0	        0
0.000529	0.075378	0.245824	0.486512	0.091749	0.044362	0.014255	0.01885	        0.015012	0.005536	0.001369	0.000624	0	        0	        0
0.11	        0.158056	0.202778	0.245833	0.116352	0.10744	        0.016497	0.009604	0.011562	0.011099	0.007444	0	        0.003333	0	        0
0.02381	        0.165344	0.202381	0.276266	0.128177	0.082738	0.039944	0.08134	        0	        0	        0	        0	        0	        0      	        0
0.174851	0.168899	0.0625	        0.010417	0.092566	0.128587	0.126188	0.052119	0.034308	0.107662	0.005445	0	        0.005208	0.015625	0.015625
0.168582	0.306513	0.363985	0.015326	0.034483	0.039591	0.011221	0.026546	0.002919	0.024266	0.001642	0	        0.001642	0.003284	0
0.651882	0.122312	0.075269	0.075269	0	        0	        0	        0.011649	0.006272	0.024194	0.006272	0.005376        0	        0	        0.021505
0.386992	0.161789	0.134146	0.04878	        0.109756	0.087979	0.020035	0.031359	0.019164	0	        0	        0	        0	        0	        0
0	        0.355848	0.159522	0.053298	0.025523	0.067457	0.070568	0.098199	0.072616	0.046507	0.018981	0.019444	0.012037	0	        0
0.574405	0.104167	0.156006	0.064069	0.03273	        0.024674	0.009354	0.01369	        0.004393	0.002622	0	        0.002976	0.000992	0.004464	0.005456
0.356473	0.180113	0.033737	0.087251	0.173699	0.070135	0.042308	0.031895	0	        0.009756	0.004878	0.004878	0	        0	        0.004878
0.763942	0.201967	0	        0.000812	0.001623	0.010552	0.003247	0.003247	0.003247	0	        0	        0	        0	        0	        0.011364
0.230	        0.659	        0.169	        0.016	        0.004	        0.005	        0.016	        0.006	        0.000	        0.000	        0.000	        0.000	        0.000	        0.000	        0.000
 #ChesMMAP
 #Time Step 1 (SN CALCULATED)
-99	-99	-99	-99	-99	-99	-99	-99	-99	-99	-99	-99	-99	-99	-99
-99	-99	-99	-99	-99	-99	-99	-99	-99	-99	-99	-99	-99	-99	-99
-99	-99	-99	-99	-99	-99	-99	-99	-99	-99	-99	-99	-99	-99	-99
-99	-99	-99	-99	-99	-99	-99	-99	-99	-99	-99	-99	-99	-99	-99
-99	-99	-99	-99	-99	-99	-99	-99	-99	-99	-99	-99	-99	-99	-99
-99	-99	-99	-99	-99	-99	-99	-99	-99	-99	-99	-99	-99	-99	-99
-99	-99	-99	-99	-99	-99	-99	-99	-99	-99	-99	-99	-99	-99	-99
-99	-99	-99	-99	-99	-99	-99	-99	-99	-99	-99	-99	-99	-99	-99
-99	-99	-99	-99	-99	-99	-99	-99	-99	-99	-99	-99	-99	-99	-99
-99	-99	-99	-99	-99	-99	-99	-99	-99	-99	-99	-99	-99	-99	-99
-99	-99	-99	-99	-99	-99	-99	-99	-99	-99	-99	-99	-99	-99	-99
-99	-99	-99	-99	-99	-99	-99	-99	-99	-99	-99	-99	-99	-99	-99
-99	-99	-99	-99	-99	-99	-99	-99	-99	-99	-99	-99	-99	-99	-99
-99	-99	-99	-99	-99	-99	-99	-99	-99	-99	-99	-99	-99	-99	-99
-99	-99	-99	-99	-99	-99	-99	-99	-99	-99	-99	-99	-99	-99	-99
-99	-99	-99	-99	-99	-99	-99	-99	-99	-99	-99	-99	-99	-99	-99
-99	-99	-99	-99	-99	-99	-99	-99	-99	-99	-99	-99	-99	-99	-99
-99	-99	-99	-99	-99	-99	-99	-99	-99	-99	-99	-99	-99	-99	-99
-99	-99	-99	-99	-99	-99	-99	-99	-99	-99	-99	-99	-99	-99	-99
-99	-99	-99	-99	-99	-99	-99	-99	-99	-99	-99	-99	-99	-99	-99
0.099447514	0.303867403	0.044198895	0	0	0.165745856	0	0	0.17679558	0	0.104972376	0.104972376	0	0	0
0.00918197	0.092249363	0.089810997	0.048751677	0.078913574	0.033500278	0.158409315	0.091156201	0.140708874	0.183027268	0	0	0.074290484	0	0
0.038194444	0.040448834	0.111503477	0.075228296	0.062546051	0.017762945	0.082987145	0.175929503	0.053710938	0.047381366	0.089445891	0.065972222	0	0.067708333	0.071180556
0.022727273	0.122630579	0.03218915	0.100626843	0.04988081	0.024657738	0.046739719	0.024350649	0.131392045	0.284767316	0.090909091	0.069128788	0	0	0
0	0.042248855	0.129626145	0.012362637	0.159693605	0.098887744	0.083012821	0.051121795	0.038484432	0.164209402	0.066907051	0.084134615	0.013221154	0.056089744	0
0.003588517	0.128161208	0.137276357	0.126839059	0.06526856	0.152611406	0.094098884	0.024720893	0	0.148325359	0.024720893	0.010656807	0.083732057	0	0
0.039166667	0.028054616	0.096494998	0.050381288	0.227466405	0	0.097417508	0.092185185	0.009	0.075555556	0.024166667	0	0.096666667	0.017222222	0.146222222
0.001664355	0.144972891	0.022894969	0.086600471	0.029241794	0.275790569	0	0.114563107	0.133980583	0	0	0.062135922	0.12815534	0	0
0.016949153	0.008783819	0.162941859	0.026821537	0.072074253	0.064891041	0.327118644	0	0.07102502	0	0.07748184	0	0	0.092009685	0.079903148
0.018947368	0.101964912	0.06893413	0.191246707	0.01	0.209959514	0.028421053	0.073684211	0.065263158	0.063157895	0	0	0.018947368	0	0.149473684
0.066666667	0.120833333	0.316666667	0.1375	0.183333333	0.0375	0.1375	0	0	0	0	0	0	0	0
0	0.074670393	0.055764389	0.080555556	0.041183575	0.152294686	0	0.074516908	0.033333333	0.366304348	0	0.053623188	0	0	0.067753623
0	0.030372374	0.33908305	0.157553799	0.109354414	0.177865613	0	0	0.086956522	0.098814229	0	0	0	0	0
0.06264637	0.093156388	0.019516003	0.190020817	0.043325527	0.156908665	0.071428571	0.06323185	0	0.128805621	0	0.06557377	0	0	0.105386417
0.05089701	0.121374151	0.069524704	0.009496124	0.326149871	0.052790698	0.036046512	0.053488372	0	0	0.060465116	0.080232558	0.044186047	0.095348837	0
0.012578616	0.169598047	0.125213274	0.0368823	0	0.500696316	0.114150943	0.040880503	0	0	0	0	0	0	0
#Time Step 2
-99	-99	-99	-99	-99	-99	-99	-99	-99	-99	-99	-99	-99	-99	-99
-99	-99	-99	-99	-99	-99	-99	-99	-99	-99	-99	-99	-99	-99	-99
-99	-99	-99	-99	-99	-99	-99	-99	-99	-99	-99	-99	-99	-99	-99
-99	-99	-99	-99	-99	-99	-99	-99	-99	-99	-99	-99	-99	-99	-99
-99	-99	-99	-99	-99	-99	-99	-99	-99	-99	-99	-99	-99	-99	-99
-99	-99	-99	-99	-99	-99	-99	-99	-99	-99	-99	-99	-99	-99	-99
-99	-99	-99	-99	-99	-99	-99	-99	-99	-99	-99	-99	-99	-99	-99
-99	-99	-99	-99	-99	-99	-99	-99	-99	-99	-99	-99	-99	-99	-99
-99	-99	-99	-99	-99	-99	-99	-99	-99	-99	-99	-99	-99	-99	-99
-99	-99	-99	-99	-99	-99	-99	-99	-99	-99	-99	-99	-99	-99	-99
-99	-99	-99	-99	-99	-99	-99	-99	-99	-99	-99	-99	-99	-99	-99
-99	-99	-99	-99	-99	-99	-99	-99	-99	-99	-99	-99	-99	-99	-99
-99	-99	-99	-99	-99	-99	-99	-99	-99	-99	-99	-99	-99	-99	-99
-99	-99	-99	-99	-99	-99	-99	-99	-99	-99	-99	-99	-99	-99	-99
-99	-99	-99	-99	-99	-99	-99	-99	-99	-99	-99	-99	-99	-99	-99
-99	-99	-99	-99	-99	-99	-99	-99	-99	-99	-99	-99	-99	-99	-99
-99	-99	-99	-99	-99	-99	-99	-99	-99	-99	-99	-99	-99	-99	-99
-99	-99	-99	-99	-99	-99	-99	-99	-99	-99	-99	-99	-99	-99	-99
-99	-99	-99	-99	-99	-99	-99	-99	-99	-99	-99	-99	-99	-99	-99
-99	-99	-99	-99	-99	-99	-99	-99	-99	-99	-99	-99	-99	-99	-99
0.101449275	0.0647343	0.090821256	0.204347826	0.1352657	0.128019324	0.053140097	0               0.222222222	0               0               0               0               0	0
0.012200737	0.155952208	0.075902983	0.053858829	0.048455126	0.037048449	0.08467205	0.177149738	0.054558011	0.220091373	0.080110497	0	        0	        0	0
0.113694869	0.04910124	0.110426293	0.065598927	0.009385719	0.053040225	0.093961127	0.079232928	0.090219312	0.119613346	0.137147906	0	        0	        0	0.07857811
0.091335189	0.249701549	0.040000127	0.157277283	0.122359553	0.004383117	0.084943182	0.065340909	0.117045455	0.042613636	0	        0.025	        0	        0	0
0.119549863	0.078295337	0.201912141	0.016129032	0.144379884	0.054429083	0.043548387	0.00483871	0.094982079	0.072580645	0.032258065	0.102150538	0.034946237	0	0
0.022140221	0.171414041	0.077431302	0.292215103	0.019188192	0.220194166	0.145756458	0	        0	        0	        0	        0.051660517	0	        0	0
0.167405694	0.044411475	0.162430323	0.133444816	0.208862876	0.015886288	0.04793757	0.19509476	0.024526198	0	        0	        0	        0	        0	0
0.030732861	0.282358156	0.061022459	0.161938534	0.074763593	0.220153664	0.033096927	0.102836879	0.033096927	0	        0	        0	        0	        0	0
0.104873803	0.055265448	0.205395997	0.016536118	0.035248042	0	        0.295474326	0	        0.138381201	0.148825065	0	        0	        0	        0	0
0.146512138	0.138099935	0.100947214	0.194221993	0.146172393	0.133255834	0.027124774	0.113665719	0	        0	        0	        0	        0	        0	        0
0.14322954	0.110476568	0.135800064	0.043765432	0.154115226	0	        0.14882716	0.123045267	0.028395062	0	        0.035802469	0	        0.07654321	0	0
0	        0.232564992	0.086431893	0.104634239	0.03506244	0.299231508	0	        0.113832853	0.09221902	0.036023055	0	        0	        0	        0	0
0.128448457	0.021798365	0.227471643	0.116150745	0.130790191	0.059264305	0.14986376	0	        0	        0.059945504	0.10626703	0	        0	        0	0
0.151239903	0.080245412	0.011547419	0.313478458	0.044627377	0.144546513	0.044016043	0.166282831	0.044016043	0	        0	        0	        0	        0	0
0.167374452	0.115662816	0.027538664	0	        0.414804697	0.016601879	0.097667638	0	        0.081632653	0	        0.039358601	0	        0.039358601	0	0
0.021291369	0.126622155	0.083282734	0.030254225	0	        0.406449819	0.05755287	0.15407855	0.017371601	0.070241692	0	        0.032854985	0	        0	0

#CT LIST
  #Time step 1 (provided CAA because they use only the spring catches for annual CAA)
-99	-99	-99	-99	-99	-99	-99	-99	-99	-99	-99	-99	-99	-99	-99
-99	-99	-99	-99	-99	-99	-99	-99	-99	-99	-99	-99	-99	-99	-99
-99	-99	-99	-99	-99	-99	-99	-99	-99	-99	-99	-99	-99	-99	-99
-99	-99	-99	-99	-99	-99	-99	-99	-99	-99	-99	-99	-99	-99	-99
-99	-99	-99	-99	-99	-99	-99	-99	-99	-99	-99	-99	-99	-99	-99
0.0577	0.1178	0.1572	0.2614	0.1924	0.1185	0.0585	0.0184	0.0138	0.0022	0.0000	0.0022	0.0000	0.0000	0.0000
0.0420	0.2951	0.2572	0.2149	0.1092	0.0409	0.0121	0.0205	0.0067	0.0013	0.0000	0.0000	0.0000	0.0000	0.0000
0.1298	0.4128	0.1846	0.0000	0.0909	0.0000	0.1364	0.0455	0.0000	0.0000	0.0000	0.0000	0.0000	0.0000	0.0000
0.0533	0.6286	0.1611	0.0496	0.0155	0.0367	0.0218	0.0137	0.0099	0.0039	0.0059	0.0000	0.0000	0.0000	0.0000
0.0279	0.3662	0.2157	0.1463	0.0321	0.0194	0.0584	0.0549	0.0499	0.0189	0.0067	0.0013	0.0023	0.0000	0.0000
0.0411	0.1471	0.2764	0.2506	0.1482	0.0239	0.0315	0.0422	0.0270	0.0090	0.0026	0.0005	0.0000	0.0000	0.0000
0.0310	0.0530	0.1573	0.2962	0.1254	0.1206	0.0721	0.1081	0.0119	0.0092	0.0047	0.0103	0.0001	0.0000	0.0000
0.0029	0.1006	0.1804	0.2547	0.2304	0.1184	0.0524	0.0223	0.0170	0.0145	0.0055	0.0010	0.0000	0.0000	0.0000
0.0479	0.7499	0.0755	0.0390	0.0235	0.0338	0.0063	0.0147	0.0009	0.0000	0.0070	0.0014	0.0000	0.0000	0.0000
0.0208	0.0011	0.5691	0.1971	0.0994	0.0279	0.0443	0.0137	0.0139	0.0064	0.0036	0.0027	0.0000	0.0000	0.0000
0.1523	0.3143	0.2360	0.1282	0.0413	0.0535	0.0302	0.0197	0.0158	0.0022	0.0039	0.0019	0.0008	0.0000	0.0000
0.0560	0.4681	0.2639	0.0847	0.1055	0.0153	0.0044	0.0013	0.0005	0.0001	0.0000	0.0000	0.0000	0.0000	0.0000
0.0180	0.2171	0.2669	0.1308	0.1246	0.1681	0.0436	0.0174	0.0053	0.0042	0.0023	0.0016	0.0000	0.0000	0.0000
0.0094	0.3876	0.1974	0.0582	0.1086	0.0777	0.0472	0.0822	0.0177	0.0060	0.0036	0.0020	0.0011	0.0000	0.0013
0.0659	0.2167	0.2568	0.0947	0.1970	0.0977	0.0450	0.0201	0.0039	0.0004	0.0015	0.0001	0.0003	0.0001	0.0000
0.2940	0.2842	0.0815	0.0836	0.0454	0.1053	0.0594	0.0196	0.0198	0.0028	0.0037	0.0000	0.0000	0.0008	0.0000
0.0214	0.4410	0.2255	0.1097	0.0848	0.0442	0.0380	0.0182	0.0085	0.0064	0.0020	0.0002	0.0000	0.0000	0.0000
0.0194	0.2438	0.2513	0.1387	0.0899	0.1009	0.0565	0.0553	0.0214	0.0123	0.0058	0.0047	0.0000	0.0000	0.0000
0.0450	0.5050	0.1030	0.2490	0.0622	0.0154	0.0113	0.0029	0.0036	0.0014	0.0010	0.0001	0.0000	0.0000	0.0000
0.0022	0.0922	0.5205	0.1257	0.1758	0.0481	0.0175	0.0086	0.0033	0.0038	0.0011	0.0006	0.0004	0.0000	0.0000
0.0090	0.0615	0.2351	0.4289	0.1183	0.1043	0.0272	0.0102	0.0038	0.0004	0.0003	0.0011	0.0000	0.0000	0.0000
0.1269	0.0906	0.2189	0.1402	0.2723	0.0391	0.0668	0.0262	0.0095	0.0049	0.0005	0.0005	0.0036	0.0000	0.0000
0.0430	0.3277	0.1213	0.2397	0.1024	0.1444	0.0101	0.0083	0.0011	0.0014	0.0004	0.0002	0.0000	0.0000	0.0000
0.0035	0.0147	0.2207	0.1505	0.2759	0.1284	0.1605	0.0234	0.0141	0.0071	0.0003	0.0008	0.0000	0.0000	0.0000
0.0162	0.0171	0.0551	0.3639	0.0921	0.1895	0.0966	0.1285	0.0167	0.0134	0.0036	0.0022	0.0020	0.0010	0.0020
0.2476	0.2802	0.1091	0.0793	0.1524	0.0328	0.0339	0.0282	0.0244	0.0035	0.0050	0.0017	0.0020	0.0000	0.0000
0.0976	0.2649	0.3015	0.1172	0.0453	0.0928	0.0161	0.0144	0.0248	0.0126	0.0087	0.0009	0.0022	0.0004	0.0004
0.0072	0.0444	0.5509	0.2926	0.0337	0.0030	0.0055	0.0095	0.0170	0.0165	0.0140	0.0035	0.0015	0.0002	0.0005
0.0540	0.0752	0.0823	0.5106	0.1048	0.0289	0.0174	0.0180	0.0257	0.0322	0.0257	0.0193	0.0039	0.0019	0.0000
0.4277	0.3150	0.0599	0.0319	0.1357	0.0111	0.0032	0.0021	0.0030	0.0030	0.0033	0.0032	0.0006	0.0002	0.0002
0.1082	0.5954	0.1251	0.0765	0.0414	0.0384	0.0075	0.0021	0.0021	0.0019	0.0002	0.0013	0.0000	0.0000	0.0000
  #Time step 2 (SN CALCULATED)
-99	-99	-99	-99	-99	-99	-99	-99	-99	-99	-99	-99	-99	-99	-99
-99	-99	-99	-99	-99	-99	-99	-99	-99	-99	-99	-99	-99	-99	-99
-99	-99	-99	-99	-99	-99	-99	-99	-99	-99	-99	-99	-99	-99	-99
-99	-99	-99	-99	-99	-99	-99	-99	-99	-99	-99	-99	-99	-99	-99
-99	-99	-99	-99	-99	-99	-99	-99	-99	-99	-99	-99	-99	-99	-99
-99	-99	-99	-99	-99	-99	-99	-99	-99	-99	-99	-99	-99	-99	-99
-99	-99	-99	-99	-99	-99	-99	-99	-99	-99	-99	-99	-99	-99	-99
-99	-99	-99	-99	-99	-99	-99	-99	-99	-99	-99	-99	-99	-99	-99
-99	-99	-99	-99	-99	-99	-99	-99	-99	-99	-99	-99	-99	-99	-99
-99	-99	-99	-99	-99	-99	-99	-99	-99	-99	-99	-99	-99	-99	-99
-99	-99	-99	-99	-99	-99	-99	-99	-99	-99	-99	-99	-99	-99	-99
-99	-99	-99	-99	-99	-99	-99	-99	-99	-99	-99	-99	-99	-99	-99
-99	-99	-99	-99	-99	-99	-99	-99	-99	-99	-99	-99	-99	-99	-99
-99	-99	-99	-99	-99	-99	-99	-99	-99	-99	-99	-99	-99	-99	-99
-99	-99	-99	-99	-99	-99	-99	-99	-99	-99	-99	-99	-99	-99	-99
0	0.015178571	0.040200893	0.632379493	0.206209296	0.065753968	0.023611111	0.0125	0	0	0.004166667	0	0	0	0
0	0.079128982	0.294802297	0.182735838	0.282795936	0.086302968	0.045236518	0.015652867	0.013344595	0	0	0	0	0	0
0.000321802	0.064521319	0.582461786	0.177634755	0.078358809	0.065808528	0.017538214	0.009332261	0.002413516	0.001287208	0.000321802	0	0	0	0
0	0.000144786	0.035384654	0.116156209	0.412024367	0.194616323	0.088869903	0.119536479	0.019466969	0.008265162	0.00395774	0.000274332	0	0	0.001303077
0	0.006816125	0.072351355	0.18657593	0.434545352	0.190241398	0.086324161	0.018564814	0.004580865	0	0	0	0	0	0
0.016965663	0.139376105	0.194552473	0.260496473	0.120105806	0.155355206	0.084962639	0.02138236	0.003401637	0.001700818	0.001700818	0	0	0	0
0	0.05431231	0.250977544	0.191369475	0.142996895	0.120762252	0.100110046	0.084335761	0.032774606	0.010416667	0.011944444	0	0	0	0
0	0.09049496	0.532139671	0.222985282	0.072977231	0.043224906	0.012665328	0.012033919	0.007646126	0.002755955	0.001979228	0.001097394	0	0	0
0	0.068795426	0.107943073	0.458988422	0.197600113	0.049908364	0.03047969	0.016973865	0.024666566	0.023811147	0.009751773	0.009751773	0	0.001329787	0
0	0.024763287	0.492430671	0.139128175	0.234167525	0.048451707	0.015304657	0.011409467	0.013613469	0.015411893	0.00177305	0.00177305	0.00177305	0	0
0	0.06752648	0.351961095	0.339711055	0.065409256	0.061232621	0.015698183	0.014898546	0.014759345	0.029487179	0.014957265	0.019871795	0.004487179	0	0
0.000801282	0.013336895	0.237027435	0.171261355	0.311944745	0.065712865	0.128050071	0.033607314	0.021164021	0.008547009	0.008547009	0	0	0	0
0	0.032386292	0.117004626	0.360836881	0.148589613	0.174145945	0.02311508	0.042302097	0.018854639	0.042458144	0.009638554	0.000547645	0.024096386	0	0.006024096
-99	-99	-99	-99	-99	-99	-99	-99	-99	-99	-99	-99	-99	-99	-99
0.344036394	0.163746428	0.036577714	0.206945432	0.052996246	0.094397448	0.04198136	0.047528137	0.006379585	0.003463203	0.001515152	0	0	0.0004329	0
0.080528149	0.314554083	0.272716103	0.134582285	0.147278627	0.025215666	0.011020531	0.011930642	0.002173913	0	0	0	0	0	0
0	0.072738095	0.402432592	0.295390467	0.096435599	0.077646104	0.010357143	0.02	0.015	0.005	0.005	0	0	0	0
0	0.010204082	0.410220463	0.371035424	0.13711146	0.03877551	0.010204082	0.018367347	0.004081633	0	0	0	0	0	0
0	0.018304059	0.118931427	0.689960929	0.131157959	0.030892102	0.006154125	0.002617123	0.001166045	0.000349813	0.000349813	0.000116604	0	0	0
0	0.004166667	0.098860238	0.163635579	0.682492105	0.047141707	0.003703704	0	0	0	0	0	0	0	0
0	0.115778076	0.299393193	0.204112264	0.130150999	0.198587612	0.048922301	0.003055556	0	0	0	0	0	0	0



#observed ioa CV
 #ChesMMAP
# -99	-99	-99	-99	-99	-99	-99	-99	-99	-99	-99	-99	-99	-99	-99	-99	-99	-99	-99	-99	0.24	0.16	0.13	0.16	0.18	0.18	0.15	0.24	0.28	0.17	0.27	0.20	0.27	0.29	0.21	0.27
#-99	-99	-99	-99	-99	-99	-99	-99	-99	-99	-99	-99	-99	-99	-99	-99	-99	-99	-99	-99	0.5	0.5	0.5	0.5	0.5	0.5	0.5	0.5	0.5	0.5	0.5	0.5	0.5	0.5	0.5	0.5
 #time step 1
#-99	-99	-99	-99	-99	-99	-99	-99	-99	-99	-99	-99	-99	-99	-99	-99	-99	-99	-99	-99	0.59	0.59	0.59	0.59	0.59	0.59	0.59	0.59	0.59	0.59	0.59	0.59	0.59	0.59	0.59	0.59
#-99	-99	-99	-99	-99	-99	-99	-99	-99	-99	-99	-99	-99	-99	-99	-99	-99	-99	-99	-99	0.5	0.5	0.5	0.5	0.5	0.5	0.5	0.5	0.5	0.5	0.5	0.5	0.5	0.5	0.5	0.5
#-99.00	-99.00	-99.00	-99.00	-99.00	-99.00	-99.00	-99.00	-99.00	-99.00	-99.00	-99.00	-99.00	-99.00	-99.00	-99.00	-99.00	-99.00	-99.00	-99.00	0.45	0.45	0.45	0.45	0.45	0.45	0.45	0.45	0.45	0.45	0.45	0.45	0.45	0.45	0.45	0.45
-99.00	-99.00	-99.00	-99.00	-99.00	-99.00	-99.00	-99.00	-99.00	-99.00	-99.00	-99.00	-99.00	-99.00	-99.00	-99.00	-99.00	-99.00	-99.00	-99.00	0.41	0.41	0.41	0.41	0.41	0.41	0.41	0.41	0.41	0.41	0.41	0.41	0.41	0.41	0.41	0.41
#-99	-99	-99	-99	-99	-99	-99	-99	-99	-99	-99	-99	-99	-99	-99	0.38	0.38	0.38	0.38	0.38	0.38	0.38	0.38	0.38	0.38	0.38	0.38	0.38	0.38	0.38	0.38	0.38	0.38	0.38	0.38	0.38

#time step 2
#-99	-99	-99	-99	-99	-99	-99	-99	-99	-99	-99	-99	-99	-99	-99	-99	-99	-99	-99	-99	0.59	0.59	0.59	0.59	0.59	0.59	0.59	0.59	0.59	0.59	0.59	0.59	0.59	0.59	0.59	0.59
#-99	-99	-99	-99	-99	-99	-99	-99	-99	-99	-99	-99	-99	-99	-99	-99	-99	-99	-99	-99	0.5	0.5	0.5	0.5	0.5	0.5	0.5	0.5	0.5	0.5	0.5	0.5	0.5	0.5	0.5	0.5
#-99.00	-99.00	-99.00	-99.00	-99.00	-99.00	-99.00	-99.00	-99.00	-99.00	-99.00	-99.00	-99.00	-99.00	-99.00	-99.00	-99.00	-99.00	-99.00	-99.00	0.44	0.44	0.44	0.44	0.44	0.44	0.44	0.44	0.44	0.44	0.44	0.44	0.44	0.44	0.44	0.44
-99.00	-99.00	-99.00	-99.00	-99.00	-99.00	-99.00	-99.00	-99.00	-99.00	-99.00	-99.00	-99.00	-99.00	-99.00	-99.00	-99.00	-99.00	-99.00	-99.00	0.43	0.43	0.43	0.43	0.43	0.43	0.43	0.43	0.43	0.43	0.43	0.43	0.43	0.43	0.43	0.43

#DE30, actual cv from assessment not used
#-99	-99	-99	-99	-99	-99	-99	-99	1.32	0.24	0.55	1.17	3.56	5.20	2.39	1.92	0.82	4.09	2.42	1.19	2.77	0.99	0.45	1.07	1.68	0.76	0.89	0.42	1.01	0.46	0.44	0.45	1.14	1.45	1.51	0.78
#-99	-99	-99	-99	-99	-99	-99	-99	0.50	0.50	0.50	0.50	0.50	0.50	0.50	0.50	0.50	0.50	0.50	0.50	0.50	0.50	0.50	0.50	0.50	0.50	0.50	0.50	0.50	0.50	0.50	0.50	0.50	0.50	0.50	0.50
#-99	-99	-99	-99	-99	-99	-99	-99	0.75	0.75	0.75	0.75	0.75	0.75	0.75	0.75	0.75	0.75	0.75	0.75	0.75	0.75	0.75	0.75	0.75	0.75	0.75	0.75	0.75	0.75	0.75	0.75	0.75	0.75	0.75	0.75
#-99.00	-99.00	-99.00	-99.00	-99.00	-99.00	-99.00	-99.00	0.76	0.76	0.76	0.76	0.76	0.76	0.76	0.76	0.76	0.76	0.76	0.76	0.76	0.76	0.76	0.76	0.76	0.76	0.76	0.76	0.76	0.76	0.76	0.76	0.76	0.76	0.76	0.76
-99.00	-99.00	-99.00	-99.00	-99.00	-99.00	-99.00	-99.00	0.77	0.77	0.77	0.77	0.77	0.77	0.77	0.77	0.77	0.77	0.77	0.77	0.77	0.77	0.77	0.77	0.77	0.77	0.77	0.77	0.77	0.77	0.77	0.77	0.77	0.77	0.77	0.77

 #CTLIST
#-99	-99	-99	-99	-99	0.32	0.44	0.30	0.27	0.25	0.26	0.18	0.18	0.14	0.14	0.12	0.13	0.11	0.12	0.15	0.10	0.11	0.14	0.12	0.16	0.12	0.14	0.18	0.22	0.21	0.17	0.13	0.20	0.24	0.16	0.25
#-99	-99	-99	-99	-99	0.5	0.5	0.5	0.5	0.5	0.5	0.5	0.5	0.5	0.5	0.5	0.5	0.5	0.5	0.5	0.5	0.5	0.5	0.5	0.5	0.5	0.5	0.5	0.5	0.5	0.5	0.5	0.5	0.5	0.5	0.5
 #Time step 1
#-99	-99	-99	-99	-99	0.5	0.5	0.5	0.5	0.5	0.5	0.5	0.5	0.5	0.5	0.5	0.5	0.5	0.5	0.5	0.5	0.5	0.5	0.5	0.5	0.5	0.5	0.5	0.5	0.5	0.5	0.5	0.5	0.5	0.5	0.5
#-99.00	-99.00	-99.00	-99.00	-99.00	0.49	0.49	0.49	0.49	0.49	0.49	0.49	0.49	0.49	0.49	0.49	0.49	0.49	0.49	0.49	0.49	0.49	0.49	0.49	0.49	0.49	0.49	0.49	0.49	0.49	0.49	0.49	0.49	0.49	0.49	0.49
-99.00	-99.00	-99.00	-99.00	-99.00	0.51	0.51	0.51	0.51	0.51	0.51	0.51	0.51	0.51	0.51	0.51	0.51	0.51	0.51	0.51	0.51	0.51	0.51	0.51	0.51	0.51	0.51	0.51	0.51	0.51	0.51	0.51	0.51	0.51	0.51	0.51
#-99.00	-99.00	-99.00	-99.00	-99.00	0.46	0.46	0.46	0.46	0.46	0.46	0.46	0.46	0.46	0.46	0.46	0.46	0.46	0.46	0.46	0.46	0.46	0.46	0.46	0.46	0.46	0.46	0.46	0.46	0.46	0.46	0.46	0.46	0.46	0.46	0.46

 #Time step 2
#-99	-99	-99	-99	-99	0.55	0.55	0.55	0.55	0.55	0.55	0.55	0.55	0.55	0.55	0.55	0.55	0.55	0.55	0.55	0.55	0.55	0.55	0.55	0.55	0.55	0.55	0.55	0.55	0.55	0.55	0.55	0.55	0.55	0.55	0.55
#-99	-99	-99	-99	-99	0.5	0.5	0.5	0.5	0.5	0.5	0.5	0.5	0.5	0.5	0.5	0.5	0.5	0.5	0.5	0.5	0.5	0.5	0.5	0.5	0.5	0.5	0.5	-99	0.5	0.5	0.5	0.5	0.5	0.5	0.5
-99	-99	-99	-99	-99	0.75	0.75	0.75	0.75	0.75	0.75	0.75	0.75	0.75	0.75	0.75	0.75	0.75	0.75	0.75	0.75	0.75	0.75	0.75	0.75	0.75	0.75	0.75	-99	0.75	0.75	0.75	0.75	0.75	0.75	0.75
#-99	-99	-99	-99	-99	0.25	0.25	0.25	0.25	0.25	0.25	0.25	0.25	0.25	0.25	0.25	0.25	0.25	0.25	0.25	0.25	0.25	0.25	0.25	0.25	0.25	0.25	0.25	-99	0.25	0.25	0.25	0.25	0.25	0.25	0.25
#-99.00	-99.00	-99.00	-99.00	-99.00	1.00	1.00	1.00	1.00	1.00	1.00	1.00	1.00	1.00	1.00	1.00	1.00	1.00	1.00	1.00	1.00	1.00	1.00	1.00	1.00	1.00	1.00	1.00	1.00	1.00	1.00	1.00	1.00	1.00	1.00	1.00
#-99.00	-99.00	-99.00	-99.00	-99.00	0.51	0.51	0.51	0.51	0.51	0.51	0.51	0.51	0.51	0.51	0.51	0.51	0.51	0.51	0.51	0.51	0.51	0.51	0.51	0.51	0.51	0.51	0.51	0.51	0.51	0.51	0.51	0.51	0.51	0.51	0.51
#-99	-99	-99	-99	-99	0.6	0.6	0.6	0.6	0.6	0.6	0.6	0.6	0.6	0.6	0.6	0.6	0.6	0.6	0.6	0.6	0.6	0.6	0.6	0.6	0.6	0.6	0.6	0.6	0.6	0.6	0.6	0.6	0.6	0.6	0.6

 #MDSSN (table b5.5)
#-99	-99	-99	0.25	0.25	0.25	0.25	0.25	0.25	0.25	0.25	0.25	0.25	0.25	0.25	0.25	0.25	0.25	0.25	0.25	0.25	0.25	0.25	0.25	0.25	0.25	0.25	0.25	0.25	0.25	0.25	0.25	0.25	0.25	0.25	0.25
#-99	-99	-99	0.5	0.5	0.5	0.5	0.5	0.5	0.5	0.5	0.5	0.5	0.5	0.5	0.5	0.5	0.5	0.5	0.5	0.5	0.5	0.5	0.5	0.5	0.5	0.5	0.5	0.5	0.5	0.5	0.5	0.5	0.5	0.5	0.5
#-99	-99	-99	0.62	0.62	0.62	0.62	0.62	0.62	0.62	0.62	0.62	0.62	0.62	0.62	0.62	0.62	0.62	0.62	0.62	0.62	0.62	0.62	0.62	0.62	0.62	0.62	0.62	0.62	0.62	0.62	0.62	0.62	0.62	0.62	0.62
#-99	-99	-99	-99	-99	-99	-99	-99	-99	-99	-99	-99	-99	-99	-99	0.62	0.62	0.62	0.62	0.62	0.62	0.62	0.62	0.62	0.62	0.62	0.62	0.62	0.62	0.62	0.62	0.62	0.62	0.62	0.62	0.62
#-99.00	-99.00	-99.00	-99.00	-99.00	-99.00	-99.00	-99.00	-99.00	-99.00	-99.00	-99.00	-99.00	-99.00	-99.00	0.26	0.26	0.26	0.26	0.26	0.26	0.26	0.26	0.26	0.26	0.26	0.26	0.26	0.26	0.26	0.26	0.26	0.26	0.26	0.26	0.26
#-99.00	-99.00	-99.00	-99.00	-99.00	-99.00	-99.00	-99.00	-99.00	-99.00	-99.00	-99.00	-99.00	-99.00	-99.00	0.40	0.40	0.40	0.40	0.40	0.40	0.40	0.40	0.40	0.40	0.40	0.40	0.40	0.40	0.40	0.40	0.40	0.40	0.40	0.40	0.40
-99	-99	-99	-99	-99	-99	-99	-99	-99	-99	-99	-99	-99	-99	-99	0.3	0.3	0.3	0.3	0.3	0.3	0.3	0.3	0.3	0.3	0.3	0.3	0.3	0.3	0.3	0.3	0.3	0.3	0.3	0.3	0.3

 #NJBT
#-99	-99	-99	-99	-99	-99	-99	-99	0.42	0.35	0.37	0.38	0.20	0.11	0.11	0.11	0.05	0.06	0.06	0.16	0.13	0.04	0.07	0.10	0.20	0.12	0.17	0.12	0.26	0.09	0.24	0.20	0.35	0.35	0.18	0.12
#-99	-99	-99	-99	-99	-99	-99	-99	0.5	0.5	0.5	0.5	0.5	0.5	0.5	0.5	0.5	0.5	0.5	0.5	0.5	0.5	0.5	0.5	0.5	0.5	0.5	0.5	0.5	0.5	0.5	0.5	0.5	0.5	0.5	0.5
#-99	-99	-99	-99	-99	-99	-99	-99	0.78	0.78	0.78	0.78	0.78	0.78	0.78	0.78	0.78	0.78	0.78	0.78	0.78	0.78	0.78	0.78	0.78	0.78	0.78	0.78	0.78	0.78	0.78	0.78	0.78	0.78	0.78	0.78
#-99.00	-99.00	-99.00	-99.00	-99.00	-99.00	-99.00	-99.00	0.78	0.78	0.78	0.78	0.78	0.78	0.78	0.78	0.78	0.78	0.78	0.78	0.78	0.78	0.78	0.78	0.78	0.78	0.78	0.78	0.78	0.78	0.78	0.78	0.78	0.78	0.78	0.78
#-99.00	-99.00	-99.00	-99.00	-99.00	-99.00	-99.00	-99.00	0.79	0.79	0.79	0.79	0.79	0.79	0.79	0.79	0.79	0.79	0.79	0.79	0.79	0.79	0.79	0.79	0.79	0.79	0.79	0.79	0.79	0.79	0.79	0.79	0.79	0.79	0.79	0.79
-99.00	-99.00	-99.00	-99.00	-99.00	-99.00	-99.00	-99.00	0.76	0.76	0.76	0.76	0.76	0.76	0.76	0.76	0.76	0.76	0.76	0.76	0.76	0.76	0.76	0.76	0.76	0.76	0.76	0.76	0.76	0.76	0.76	0.76	0.76	0.76	0.76	0.76

  #DESSN
#-99	-99	-99	-99	-99	-99	-99	-99	-99	-99	-99	-99	-99	-99	0.30	0.32	0.38	0.26	0.32	0.39	0.35	0.42	0.51	0.31	0.45	0.72	0.30	0.24	0.63	0.78	0.41	0.42	0.39	0.18	0.13	0.42
#-99	-99	-99	-99	-99	-99	-99	-99	-99	-99	-99	-99	-99	-99	0.50	0.50	0.50	0.50	0.50	0.50	0.50	0.50	0.50	0.50	0.50	0.50	0.50	0.50	0.50	0.50	0.50	0.50	0.50	0.50	0.50	0.50
#-99	-99	-99	-99	-99	-99	-99	-99	-99	-99	-99	-99	-99	-99	0.38	0.38	0.38	0.38	0.38	0.38	0.38	0.38	0.38	0.38	0.38	0.38	0.38	0.38	0.38	0.38	0.38	0.38	0.38	0.38	0.38	0.38
#-99.00	-99.00	-99.00	-99.00	-99.00	-99.00	-99.00	-99.00	-99.00	-99.00	-99.00	-99.00	-99.00	-99.00	0.41	0.41	0.41	0.41	0.41	0.41	0.41	0.41	0.41	0.41	0.41	0.41	0.41	0.41	0.41	0.41	0.41	0.41	0.41	0.41	0.41	0.41
-99.00	-99.00	-99.00	-99.00	-99.00	-99.00	-99.00	-99.00	-99.00	-99.00	-99.00	-99.00	-99.00	-99.00	0.40	0.40	0.40	0.40	0.40	0.40	0.40	0.40	0.40	0.40	0.40	0.40	0.40	0.40	0.40	0.40	0.40	0.40	0.40	0.40	0.40	0.40

 #NYOHS
#-99	-99	-99	-99	-99	0.11	0.10	0.13	0.18	0.19	0.19	0.11	0.15	0.18	0.10	0.14	0.15	0.16	0.11	0.15	0.20	0.19	0.09	0.14	0.14	-99	-99	-99	-99	-99	-99	-99	-99	-99	-99	-99
#-99	-99	-99	-99	-99	0.25	0.25	0.25	0.25	0.25	0.25	0.25	0.25	0.25	0.25	0.25	0.25	0.25	0.25	0.25	0.25	0.25	0.25	0.25	0.25	-99	-99	-99	-99	-99	-99	-99	-99	-99	-99	-99
#-99	-99	-99	-99	-99	0.5	0.5	0.5	0.5	0.5	0.5	0.5	0.5	0.5	0.5	0.5	0.5	0.5	0.5	0.5	0.5	0.5	0.5	0.5	0.5	-99	-99	-99	-99	-99	-99	-99	-99	-99	-99	-99
#-99	-99	-99	-99	-99	0.4	0.4	0.4	0.4	0.4	0.4	0.4	0.4	0.4	0.4	0.4	0.4	0.4	0.4	0.4	0.4	0.4	0.4	0.4	0.4	-99	-99	-99	-99	-99	-99	-99	-99	-99	-99	-99
-99.00	-99.00	-99.00	-99.00	-99.00	0.46	0.46	0.46	0.46	0.46	0.46	0.46	0.46	0.46	0.46	0.46	0.46	0.46	0.46	0.46	0.46	0.46	0.46	0.46	0.46	0.46	0.46	0.46	0.46	0.46	0.46	0.46	0.46	0.46	0.46	0.46


#MRIP
#0.67	0.93	1.50	0.72	0.84	1.02	0.68	0.72	0.68	0.64	0.57	0.49	0.44	0.49	0.45	0.45	0.42	0.42	0.46	0.41	0.45	0.46	0.40	0.42	0.41	0.40	0.40	0.38	0.37	0.38	0.45	0.36	0.40	0.42	0.37	0.39


######Age 1 survey ########
#observed age 1 IOA
 #indicies
 #NY age1
-99	-99	0.96	0.61	0.3	0.21	0.81	1.78	0.37	1.26	1.34	0.75	1.43	1.29	1.54	1	2.1	2.05	1.56	2.16	2.53	1.19	2.41	0.64	2.02	0.58	1.24	0.33	0.45	2	0.9	0.56	0.82	3.16	2	0.59
 #MD age1
#0.02	0.32	0	0.16	0.03	0.06	0.07	0.19	0.33	0.2	0.15	0.19	0.78	0.12	0.08	0.26	0.17	0.37	0.26	0.32	0.79	0.07	0.74	0.28	0.28	0.07	0.31	0.12	0.17	0.02	0.35	0.05	0.12	0.23	0.42	0.14
0.02	0.32	-99	0.16	0.03	0.06	0.07	0.19	0.33	0.2	0.15	0.19	0.78	0.12	0.08	0.26	0.17	0.37	0.26	0.32	0.79	0.07	0.74	0.28	0.28	0.07	0.31	0.12	0.17	0.02	0.35	0.05	0.12	0.23	0.42	0.14

#CV
 #ny ag1
#-99	-99	0.23	0.23	0.09	0.07	0.22	0.42	0.09	0.27	0.29	0.16	0.35	0.29	0.39	0.27	0.58	0.42	0.38	0.45	0.46	0.21	0.45	0.18	0.43	0.14	0.27	0.08	0.11	0.44	0.18	0.11	0.16	0.61	0.39	0.13
#-99	-99	0.5	0.5	0.5	0.5	0.5	0.5	0.5	0.5	0.5	0.5	0.5	0.5	0.5	0.5	0.5	0.5	0.5	0.5	0.5	0.5	0.5	0.5	0.5	0.5	0.5	0.5	0.5	0.5	0.5	0.5	0.5	0.5	0.5	0.5
#-99     -99     0.25	0.25	0.25	0.25	0.25	0.25	0.25	0.25	0.25	0.25	0.25	0.25	0.25	0.25	0.25	0.25	0.25	0.25	0.25	0.25	0.25	0.25	0.25	0.25	0.25	0.25	0.25	0.25	0.25	0.25	0.25	0.25	0.25	0.25
#-99.00	-99	0.62	0.62	0.62	0.62	0.62	0.62	0.62	0.62	0.62	0.62	0.62	0.62	0.62	0.62	0.62	0.62	0.62	0.62	0.62	0.62	0.62	0.62	0.62	0.62	0.62	0.62	0.62	0.62	0.62	0.62	0.62	0.62	0.62	0.62
#-99	-99	0.6	0.6	0.6	0.6	0.6	0.6	0.6	0.6	0.6	0.6	0.6	0.6	0.6	0.6	0.6	0.6	0.6	0.6	0.6	0.6	0.6	0.6	0.6	0.6	0.6	0.6	0.6	0.6	0.6	0.6	0.6	0.6	0.6	0.6
-99	-99	0.54	0.54	0.54	0.54	0.54	0.54	0.54	0.54	0.54	0.54	0.54	0.54	0.54	0.54	0.54	0.54	0.54	0.54	0.54	0.54	0.54	0.54	0.54	0.54	0.54	0.54	0.54	0.54	0.54	0.54	0.54	0.54	0.54	0.54

 #maryland age1
#0.23	0.65	0.43	0.57	0.44	0.41	0.65	0.22	0.49	0.38	0.3	0.06	0.14	0.16	0.05	0.21	0.14	0.12	0.11	0.07	0.34	0.09	0.16	0.12	0.37	0.16	0.45	0.19	0.26	0.09	0.66	0.22	0.19	0.08	0.45	0.14
#0.5	0.5	0.5	0.5	0.5	0.5	0.5	0.5	0.5	0.5	0.5	0.5	0.5	0.5	0.5	0.5	0.5	0.5	0.5	0.5	0.5	0.5	0.5	0.5	0.5	0.5	0.5	0.5	0.5	0.5	0.5	0.5	0.5	0.5	0.5	0.5
#0.25	0.25	0.25	0.25	0.25	0.25	0.25	0.25	0.25	0.25	0.25	0.25	0.25	0.25	0.25	0.25	0.25	0.25	0.25	0.25	0.25	0.25	0.25	0.25	0.25	0.25	0.25	0.25	0.25	0.25	0.25	0.25	0.25	0.25	0.25	0.25
#0.20	0.20	0.20	0.20	0.20	0.20	0.20	0.20	0.20	0.20	0.20	0.20	0.20	0.20	0.20	0.20	0.20	0.20	0.20	0.20	0.20	0.20	0.20	0.20	0.20	0.20	0.20	0.20	0.20	0.20	0.20	0.20	0.20	0.20	0.20	0.20
0.66	0.66	0.66	0.66	0.66	0.66	0.66	0.66	0.66	0.66	0.66	0.66	0.66	0.66	0.66	0.66	0.66	0.66	0.66	0.66	0.66	0.66	0.66	0.66	0.66	0.66	0.66	0.66	0.66	0.66	0.66	0.66	0.66	0.66	0.66    0.66



############ yoy survey ###########
#observed indices of abunance
 #COAST
 #ny yoy
-99	-99	-99	2.2	4.65	28.36	49.28	35.37	35.53	6	16.93	21.99	23.61	19.03	12.12	27.11	16.1	30.67	6.88	28.9	14.72	29.78	8.73	11.28	5.83	42.65	19.04	13.92	25.62	12.16	9.85	5.07	24.6	21.68	10.93	17.9
 #nj yoy
0.1	0.07	0.37	0.03	0.32	0.53	0.35	1.07	1.05	0.47	1.18	1.78	0.96	1.98	1.7	1.01	1.31	1.9	1.78	1.2	0.53	2.47	1.13	1.22	0.67	1.41	1.26	1.92	1.3	1.41	0.34	0.9	1.65	0.94	1.41	1.2
 #BAY
#previously combined md and va, in new model we are leaving separate,
#MDVA Yoy
 52.77	84.82	64.35	82.97	65.11	88.1	204.03	104.21	110.92	70.9	69.92	83.63	233.65	129.02	107.18	292.2	107.68	149.71	127.57	169.7	221.79	70.64	231.43	149.39	154.67	89.06	135.3	82.86	103.97	111.14	274.26	49.85	116.33	133.22	183.47	74.87
 #MD YOY
#2.71	3.4	4.47	2.41	4.74	15.74	7.64	11.23	7.34	3.76	7.32	18.12	10.48	5.45	23	9.35	13.25	2.8	16.18	14.17	3.98	22.89	12.7	9.09	10.1	11.96	7.97	8.42	9.07	27.09	2.68	10.94	11.3	12	8.74	9.17
 #VA YOY
#3.57	0.61	1.64	0.91	1.34	1.46	0.73	4.87	1.03	1.52	2.34	13.97	6.4	4.41	17.61	3.91	5.5	5.34	7.42	12.57	2.2	10.83	4.85	6.91	1.78	5.12	1.26	3.92	2.54	9.57	0.49	3.42	4.06	10.67	1.25	5.88


#observed CV
 #ny yoy
#-99	-99	-99	0.3	0.6	4.8	5.2	4.5	4.7	0.9	1.8	3.1	2.5	1.9	1.4	3.9	2	3.4	1.1	4.6	1.5	4.4	0.9	1.8	0.7	5.1	2.1	1.9	3.4	1.9	1.4	0.6	2.6	2.7	1.5	2.2
#-99	-99	-99	0.25	0.25	0.25	0.25	0.25	0.25	0.25	0.25	0.25	0.25	0.25	0.25	0.25	0.25	0.25	0.25	0.25	0.25	0.25	0.25	0.25	0.25	0.25	0.25	0.25	0.25	0.25	0.25	0.25	0.25	0.25	0.25	0.25
-99	-99	-99	0.5	0.5	0.5	0.5	0.5	0.5	0.5	0.5	0.5	0.5	0.5	0.5	0.5	0.5	0.5	0.5	0.5	0.5	0.5	0.5	0.5	0.5	0.5	0.5	0.5	0.5	0.5	0.5	0.5	0.5	0.5	0.5	0.5
#-99	-99	-99	0.42	0.42	0.42	0.42	0.42	0.42	0.42	0.42	0.42	0.42	0.42	0.42	0.42	0.42	0.42	0.42	0.42	0.42	0.42	0.42	0.42	0.42	0.42	0.42	0.42	0.42	0.42	0.42	0.42	0.42	0.42	0.42	0.42
#-99	-99	-99	1.00	1.00	1.00	1.00	1.00	1.00	1.00	1.00	1.00	1.00	1.00	1.00	1.00	1.00	1.00	1.00	1.00	1.00	1.00	1.00	1.00	1.00	1.00	1.00	1.00	1.00	1.00	1.00	1.00	1.00	1.00	1.00	1.00

#nj yoy
#0.05	0.04	0.1	0.03	0.07	0.08	0.05	0.09	0.08	0.04	0.06	0.08	0.06	0.08	0.08	0.06	0.08	0.08	0.08	0.06	0.05	0.09	0.07	0.06	0.05	0.06	0.07	0.08	0.06	0.08	0.04	0.06	0.07	0.06	0.07	0.06
0.5	0.5	0.5	0.5	0.5	0.5	0.5	0.5	0.5	0.5	0.5	0.5	0.5	0.5	0.5	0.5	0.5	0.5	0.5	0.5	0.5	0.5	0.5	0.5	0.5	0.5	0.5	0.5	0.5	0.5	0.5	0.5	0.5	0.5	0.5	0.5
#0.25	0.25	0.25	0.25	0.25	0.25	0.25	0.25	0.25	0.25	0.25	0.25	0.25	0.25	0.25	0.25	0.25	0.25	0.25	0.25	0.25	0.25	0.25	0.25	0.25	0.25	0.25	0.25	0.25	0.25	0.25	0.25	0.25	0.25	0.25	0.25
#0.1	0.1	0.1	0.1	0.1	0.1	0.1	0.1	0.1	0.1	0.1	0.1	0.1	0.1	0.1	0.1	0.1	0.1	0.1	0.1	0.1	0.1	0.1	0.1	0.1	0.1	0.1	0.1	0.1	0.1	0.1	0.1	0.1	0.1	0.1	0.1
#0.30	0.30	0.30	0.30	0.30	0.30	0.30	0.30	0.30	0.30	0.30	0.30	0.30	0.30	0.30	0.30	0.30	0.30	0.30	0.30	0.30	0.30	0.30	0.30	0.30	0.30	0.30	0.30	0.30	0.30	0.30	0.30	0.30	0.30	0.30	0.30
#1.00	1.00	1.00	1.00	1.00	1.00	1.00	1.00	1.00	1.00	1.00	1.00	1.00	1.00	1.00	1.00	1.00	1.00	1.00	1.00	1.00	1.00	1.00	1.00	1.00	1.00	1.00	1.00	1.00	1.00	1.00	1.00	1.00	1.00	1.00	1.00
#0.6	0.6	0.6	0.6	0.6	0.6	0.6	0.6	0.6	0.6	0.6	0.6	0.6	0.6	0.6	0.6	0.6	0.6	0.6	0.6	0.6	0.6	0.6	0.6	0.6	0.6	0.6	0.6	0.6	0.6	0.6	0.6	0.6	0.6	0.6	0.6

 #MD yoy
#0.25	0.25	0.25	0.25	0.25	0.25	0.25	0.25	0.25	0.25	0.25	0.25	0.25	0.25	0.25	0.25	0.25	0.25	0.25	0.25	0.25	0.25	0.25	0.25	0.25	0.25	0.25	0.25	0.25	0.25	0.25	0.25	0.25	0.25	0.25	0.25
 #VA YOY
#0.25	0.25	0.25	0.25	0.25	0.25	0.25	0.25	0.25	0.25	0.25	0.25	0.25	0.25	0.25	0.25	0.25	0.25	0.25	0.25	0.25	0.25	0.25	0.25	0.25	0.25	0.25	0.25	0.25	0.25	0.25	0.25	0.25	0.25	0.25	0.25
#0.34	0.34	0.34	0.34	0.34	0.34	0.34	0.34	0.34	0.34	0.34	0.34	0.34	0.34	0.34	0.34	0.34	0.34	0.34	0.34	0.34	0.34	0.34	0.34	0.34	0.34	0.34	0.34	0.34	0.34	0.34	0.34	0.34	0.34	0.34	0.34
#MDVA Yoy
#0.43	0.32	0.38	0.32	0.37	0.31	0.29	0.31	0.27	0.34	0.34	0.3	0.26	0.26	0.31	0.25	0.27	0.24	0.33	0.23	0.28	0.34	0.21	0.24	0.24	0.3	0.25	0.31	0.28	0.27	0.21	0.43	0.26	0.25	0.3	0.33
#0.5	0.5	0.5	0.5	0.5	0.5	0.5	0.5	0.5	0.5	0.5	0.5	0.5	0.5	0.5	0.5	0.5	0.5	0.5	0.5	0.5	0.5	0.5	0.5	0.5	0.5	0.5	0.5	0.5	0.5	0.5	0.5	0.5	0.5	0.5	0.5
#0.25	0.25	0.25	0.25	0.25	0.25	0.25	0.25	0.25	0.25	0.25	0.25	0.25	0.25	0.25	0.25	0.25	0.25	0.25	0.25	0.25	0.25	0.25	0.25	0.25	0.25	0.25	0.25	0.25	0.25	0.25	0.25	0.25	0.25	0.25	0.25
0.52	0.52	0.52	0.52	0.52	0.52	0.52	0.52	0.52	0.52	0.52	0.52	0.52	0.52	0.52	0.52	0.52	0.52	0.52	0.52	0.52	0.52	0.52	0.52	0.52	0.52	0.52	0.52	0.52	0.52	0.52	0.52	0.52	0.52	0.52	0.52
#1.00	1.00	1.00	1.00	1.00	1.00	1.00	1.00	1.00	1.00	1.00	1.00	1.00	1.00	1.00	1.00	1.00	1.00	1.00	1.00	1.00	1.00	1.00	1.00	1.00	1.00	1.00	1.00	1.00	1.00	1.00	1.00	1.00	1.00	1.00	1.00




##mean weight at age (table B6.34A)
0.13 	0.64 	1.09 	1.54 	2.42 	3.75 	4.83 5.79 6.20 	8.68 	10.80 	11.20 	13.36 	15.21 	17.12 
0.20 	0.55 	0.94 	1.37 	2.37 	3.29 	3.77 5.36 6.01 	8.10 	9.57 	10.39 	12.35 	14.11 	15.92 
0.24 	0.60 	1.69 	1.62 	2.67 	3.39 	5.07 5.65 6.76 	7.76 	8.41 	12.65 	12.94 	14.70 	16.52 
0.06 	0.61 	1.07 	1.66 	2.19 	3.59 	4.91 5.46 6.77 	7.45 	9.00 	10.69 	11.97 	13.51 	15.08 
0.14 	0.57 	1.27 	2.40 	2.44 	3.12 	3.95 5.05 5.44 	6.09 	7.75 	9.16 	9.78 	10.90 	12.03 
0.20 	0.77 	1.41 	2.11 	2.50 	2.91 	3.61 4.74 5.52 	6.49 	7.77 	9.78 	10.38 	11.69 	13.03 
0.31 	0.91 	1.10 	1.98 	3.12 	4.02 	4.38 4.70 5.24 	5.62 	8.58 	10.40 	10.55 	11.80 	13.07 
0.16 	0.83 	1.22 	2.23 	3.06 	4.53 	5.37 6.23 6.04 	8.68 	8.94 	9.74 	11.17 	12.31 	13.46 
0.08 	0.89 	1.14 	2.05 	2.35 	3.83 	4.91 5.96 5.70 	5.97 	7.44 	9.08 	9.58 	10.54 	11.51 
0.21 	0.92 	1.29 	2.17 	2.62 	3.17 	4.81 5.64 6.46 	6.24 	9.46 	8.30 	10.12 	11.17 	12.23 
0.10 	0.69 	1.31 	1.93 	2.81 	3.67 	4.90 5.79 6.96 	8.15 	9.77 	12.44 	13.49 	15.33 	17.23 
0.07 	0.76 	1.31 	1.99 	2.77 	3.58 	4.80 6.11 7.03 	8.01 	9.53 	10.76 	12.22 	13.70 	15.20 
0.24 	1.05 	1.69 	2.21 	2.85 	3.50 	4.94 6.20 6.80 	7.53 	9.73 	10.69 	11.92 	13.29 	14.69 
0.28 	0.70 	1.35 	2.18 	2.77 	3.65 	5.38 6.16 7.27 	8.86 	7.57 	9.73 	10.96 	12.08 	13.20 
0.14 	1.05 	1.47 	2.32 	3.23 	4.52 	6.39 7.11 7.81 	9.20 	9.31 	10.10 	11.88 	13.03 	14.17 
0.13 	0.62 	1.18 	2.46 	2.81 	3.64 	4.51 5.07 6.73 	9.17 	9.94 	10.24 	12.29 	13.80 	15.35 
0.39 	0.77 	1.20 	1.62 	2.25 	2.95 	4.69 5.66 6.82 	7.03 	7.76 	9.87 	10.82 	12.10 	13.41 
0.62 	0.90 	1.11 	1.44 	1.91 	2.51 	3.36 5.03 6.56 	7.85 	8.69 	9.76 	11.67 	13.33 	15.04 
0.37 	0.55 	1.10 	1.45 	1.96 	2.79 	3.89 5.09 7.11 	7.37 	9.70 	10.70 	12.68 	14.56 	16.51 
0.16 	0.38 	1.12 	1.75 	2.21 	3.25 	4.12 5.02 6.36 	7.79 	8.65 	8.29 	10.42 	11.64 	12.87 
0.12 	0.31 	1.06 	1.51 	2.18 	3.17 	4.19 5.48 6.03 	7.56 	9.09 	9.75 	11.53 	13.05 	14.62 
0.10 	0.60 	1.00 	1.40 	2.20 	3.20 	4.10 5.20 6.10 	7.20 	8.50 	9.40 	10.94 	12.33 	13.76 
0.23 	0.33 	0.84 	1.40 	2.43 	3.11 	4.14 5.17 6.07 	7.12 	8.18 	9.03 	10.55 	11.85 	13.18 
0.13 	0.50 	1.14 	1.64 	2.22 	3.23 	4.18 5.64 6.38 	7.21 	8.51 	10.00 	11.30 	12.74 	14.21 
0.18 	0.38 	0.81 	1.35 	1.96 	2.80 	3.84 5.35 6.70 	7.41 	8.58 	9.40 	11.29 	12.81 	14.37 
0.10 	0.46 	0.94 	1.30 	2.10 	3.07 	4.31 5.32 6.89 	7.84 	9.39 	10.12 	12.16 	13.82 	15.54 
0.21 	0.45 	1.04 	1.43 	2.14 	3.47 	5.05 5.51 6.69 	8.26 	9.19 	9.82 	11.77 	13.24 	14.74 
0.26 	0.62 	1.03 	1.41 	1.92 	3.29 	4.49 5.74 6.87 	7.73 	8.81 	9.47 	11.35 	12.76 	14.20 
0.16 	0.70 	1.11 	1.41 	1.99 	3.34 	4.27 5.21 6.27 	7.65 	8.97 	9.15 	11.09 	12.49 	13.91 
0.20 	0.52 	1.04 	1.55 	2.00 	3.08 	4.10 5.13 6.41 	7.54 	8.20 	9.98 	11.34 	12.85 	14.40 
0.08 	0.48 	1.01 	1.67 	2.30 	3.25 	4.44 5.88 6.57 	8.31 	9.05 	10.41 	12.12 	13.69 	15.31 
0.19 	0.49 	0.96 	1.39 	2.27 	3.38 	4.14 5.30 6.69 	7.55 	9.26 	10.44 	12.12 	13.78 	15.49 
0.49 	0.55 	0.89 	1.27 	2.15 	3.07 	4.28 5.30 6.99 	8.43 	9.17 	11.91 	13.50 	15.55 	17.69 
0.15 	0.29 	0.92 	1.59 	2.50 	3.75 	4.56 5.69 6.97 	7.69 	8.95 	10.54 	11.96 	13.48 	15.03 
0.17 	0.43 	0.78 	1.25 	2.17 	3.40 	4.75 6.05 7.06 	8.92 	10.03 	11.23 	13.42 	15.31 	17.26 
0.21 	0.48 	1.06 	1.59 	2.49 	3.28 	4.46 5.31 6.38 	8.57 	9.78 	10.81 	13.06 	14.85 	16.07 

#rivard weight at age  for SSB(table B6.24B)
0.09 	0.58 	1.03 	1.38 	2.24 	3.75 	4.71	5.74	5.80	8.47	10.91 	10.93 	13.19 	14.73 	17.12 
0.15 	0.38 	0.85 	1.29 	2.13 	3.05 	3.76	5.22	5.95	7.58	9.34 	10.49 	12.05 	13.92 	15.92 
0.19 	0.46 	1.28 	1.41 	2.26 	3.10 	4.55	5.11	6.38	7.28	8.33 	11.80 	12.25 	14.08 	16.52 
0.03 	0.48 	0.93 	1.67 	2.03 	3.33 	4.48	5.36	6.47	7.27	8.67 	10.07 	12.14 	13.36 	15.08 
0.09 	0.32 	1.06 	1.96 	2.22 	2.86 	3.86	5.01	5.44	6.25	7.67 	9.12 	10.00 	11.16 	12.03 
0.14 	0.50 	1.12 	1.86 	2.47 	2.78 	3.48	4.53	5.40	6.21	7.31 	9.23 	10.06 	11.18 	13.03 
0.24 	0.62 	1.01 	1.82 	2.83 	3.57 	3.95	4.40	5.11	5.59	8.00 	9.67 	10.35 	11.43 	13.07 
0.10 	0.65 	1.13 	1.87 	2.74 	4.13 	5.00	5.70	5.67	7.65	7.96 	9.44 	10.97 	11.85 	13.46 
0.04 	0.58 	1.05 	1.80 	2.32 	3.62 	4.81	5.81	5.83	5.99	7.73 	9.04 	9.62 	10.70 	11.51 
0.16 	0.50 	1.18 	1.85 	2.46 	2.94 	4.54	5.45	6.33	6.10	8.43 	8.08 	9.85 	10.75 	12.23 
0.06 	0.51 	1.20 	1.75 	2.63 	3.37 	4.39	5.53	6.60	7.69	8.73 	11.62 	11.95 	13.82 	17.23 
0.04 	0.46 	1.12 	1.79 	2.53 	3.37 	4.49	5.78	6.70	7.73	9.16 	10.50 	12.27 	13.65 	15.20 
0.18 	0.53 	1.38 	1.94 	2.61 	3.30 	4.56	5.82	6.62	7.40	9.27 	10.39 	11.62 	13.02 	14.69 
0.20 	0.54 	1.27 	2.05 	2.62 	3.43 	4.83	5.83	6.99	8.29	7.56 	9.73 	10.89 	12.04 	13.20 
0.10 	0.75 	1.22 	2.03 	2.93 	4.00 	5.56	6.63	7.36	8.67	9.20 	9.40 	11.30 	12.48 	14.17 
0.08 	0.43 	1.15 	2.16 	2.68 	3.53 	4.51	5.37	6.82	8.81	9.75 	10.00 	11.70 	13.30 	15.35 
0.32 	0.49 	1.02 	1.50 	2.30 	2.91 	4.40	5.35	6.33	6.95	8.09 	9.89 	10.67 	12.15 	13.41 
0.64 	0.73 	1.01 	1.38 	1.83 	2.44 	3.25	4.94	6.32	7.58	8.24 	9.22 	11.19 	12.65 	15.04 
0.37 	0.57 	1.05 	1.36 	1.81 	2.54 	3.49	4.59	6.52	7.16	9.20 	10.16 	11.88 	13.77 	16.51 
0.14 	0.38 	0.94 	1.56 	1.99 	2.86 	3.74	4.71	6.02	7.61	8.31 	8.62 	10.49 	11.89 	12.87 
0.08 	0.26 	0.82 	1.40 	2.06 	2.90 	3.93	5.10	5.76	7.24	8.75 	9.46 	10.62 	12.34 	14.62 
0.07 	0.40 	0.75 	1.31 	2.00 	2.91 	3.84	4.93	5.94	6.89	8.25 	9.32 	10.63 	12.13 	13.76 
0.19 	0.24 	0.77 	1.29 	2.12 	2.85 	3.88	4.88	5.84	6.85	7.92 	8.89 	10.25 	11.62 	13.18 
0.10 	0.41 	0.84 	1.39 	1.98 	3.01 	3.88	5.22	6.05	6.91	8.14 	9.51 	10.68 	12.15 	14.21 
0.14 	0.29 	0.72 	1.29 	1.87 	2.64 	3.68	5.03	6.42	7.14	8.21 	9.17 	10.96 	12.42 	14.37 
0.07 	0.36 	0.75 	1.15 	1.88 	2.74 	3.87	4.90	6.47	7.54	8.85 	9.71 	11.40 	13.14 	15.54 
0.16 	0.31 	0.85 	1.29 	1.89 	3.06 	4.46	5.18	6.32	7.89	8.83 	9.71 	11.34 	12.96 	14.74 
0.20 	0.47 	0.84 	1.31 	1.78 	2.95 	4.21	5.56	6.50	7.46	8.67 	9.40 	10.95 	12.51 	14.20 
0.12 	0.55 	0.96 	1.30 	1.83 	2.91 	4.00	5.02	6.13	7.45	8.64 	9.06 	10.66 	12.19 	13.91 
0.16 	0.39 	0.94 	1.43 	1.83 	2.76 	3.90	4.90	6.09	7.20	8.06 	9.72 	10.75 	12.39 	14.40 
0.05 	0.39 	0.86 	1.48 	2.08 	2.88 	4.05	5.37	6.18	7.79	8.65 	9.81 	11.54 	13.06 	15.31 
0.15 	0.31 	0.81 	1.28 	2.10 	3.07 	3.90	5.07	6.48	7.29	9.01 	10.07 	11.67 	13.34 	15.49 
0.56 	0.42 	0.77 	1.18 	1.93 	2.85 	4.03	4.98	6.52	7.96	8.74 	11.18 	12.66 	14.61 	17.69 
0.12 	0.33 	0.81 	1.38 	2.11 	3.26 	4.13	5.30	6.51	7.51	8.82 	10.18 	11.95 	13.48 	15.03 
0.13 	0.33 	0.61 	1.16 	2.01 	3.15 	4.48	5.64	6.69	8.39	9.39 	10.61 	12.64 	14.39 	17.26 
0.18 	0.37 	0.85 	1.33 	2.10 	2.96 	4.17	5.16	6.29	8.16	9.56 	10.61 	12.58 	14.48 	16.07 

#rivard weight for jan 1 biomass
0.06 	0.53 	0.97 	1.24 	2.08 	3.74 	4.58 	 5.68 	5.42 	8.27 	11.01 	10.67 	13.01 	14.26 	17.12 
0.12 	0.27 	0.78 	1.22 	1.91 	2.82 	3.76 	5.09	5.90	7.09 	9.11 	10.59 	11.76 	13.73 	15.92 
0.15 	0.35 	0.96 	1.23 	1.91 	2.83 	4.08 	4.62	6.02	6.83 	8.25 	11.00 	11.60 	13.48 	16.52 
0.02 	0.38 	0.80 	1.67 	1.88 	3.10 	4.08 	5.26	6.18	7.10 	8.36 	9.48 	12.31 	13.22 	15.08 
0.06 	0.18 	0.88 	1.60 	2.01 	2.61 	3.77 	4.98	5.45	6.42 	7.60 	9.08 	10.23 	11.42 	12.03 
0.09 	0.33 	0.90 	1.64 	2.45 	2.66 	3.36 	4.33	5.28	5.94 	6.88 	8.71 	9.75 	10.69 	13.03 
0.19 	0.43 	0.92 	1.67 	2.57 	3.17 	3.57 	4.12	4.98	5.57 	7.46 	8.99 	10.16 	11.07 	13.07 
0.07 	0.51 	1.05 	1.57 	2.46 	3.76 	4.65 	5.22	5.33	6.74 	7.09 	9.14 	10.78 	11.40 	13.46 
0.02 	0.38 	0.97 	1.58 	2.29 	3.42 	4.72 	5.66	5.96	6.00 	8.04 	9.01 	9.66 	10.85 	11.51 
0.12 	0.27 	1.07 	1.57 	2.32 	2.73 	4.29 	5.26	6.20	5.96 	7.52 	7.86 	9.58 	10.34 	12.23 
0.04 	0.38 	1.10 	1.58 	2.47 	3.10 	3.94 	5.28	6.27	7.26 	7.81 	10.85 	10.58 	12.45 	17.23 
0.02 	0.28 	0.95 	1.61 	2.31 	3.17 	4.20 	5.47	6.38	7.47 	8.81 	10.25 	12.33 	13.60 	15.20 
0.14 	0.27 	1.13 	1.70 	2.38 	3.11 	4.21 	5.46	6.45	7.28 	8.83 	10.09 	11.32 	12.74 	14.69 
0.14 	0.41 	1.19 	1.92 	2.47 	3.23 	4.34 	5.52	6.71	7.76 	7.55 	9.73 	10.82 	12.00 	13.20 
0.07 	0.54 	1.01 	1.77 	2.65 	3.54 	4.83 	6.18	6.94	8.18 	9.08 	8.74 	10.75 	11.95 	14.17 
0.05 	0.29 	1.11 	1.90 	2.55 	3.43 	4.52 	5.69	6.92	8.46 	9.56 	9.76 	11.14 	12.81 	15.35 
0.26 	0.32 	0.86 	1.38 	2.35 	2.88 	4.13 	5.05	5.88	6.88 	8.44 	9.90 	10.53 	12.20 	13.41 
0.66 	0.59 	0.92 	1.31 	1.76 	2.38 	3.15 	4.86	6.09	7.32 	7.82 	8.70 	10.73 	12.01 	15.04 
0.37 	0.58 	0.99 	1.27 	1.68 	2.31 	3.12 	4.14	5.98	6.95 	8.73 	9.64 	11.12 	13.03 	16.51 
0.11 	0.37 	0.78 	1.39 	1.79 	2.52 	3.39 	4.42	5.69	7.44 	7.98 	8.97 	10.56 	12.15 	12.87 
0.05 	0.22 	0.63 	1.30 	1.95 	2.65 	3.69 	4.75	5.50	6.93 	8.41 	9.18 	9.78 	11.66 	14.62 
0.06 	0.27 	0.56 	1.22 	1.82 	2.64 	3.61 	4.67	5.78	6.59 	8.02 	9.24 	10.33 	11.92 	13.76 
0.16 	0.18 	0.71 	1.18 	1.84 	2.62 	3.64 	4.60	5.62	6.59 	7.67 	8.76 	9.96 	11.39 	13.18 
0.08 	0.34 	0.61 	1.17 	1.76 	2.80 	3.61 	4.83	5.74	6.62 	7.78 	9.04 	10.10 	11.59 	14.21 
0.11 	0.22 	0.64 	1.24 	1.79 	2.49 	3.52 	4.73	6.15	6.88 	7.87 	8.94 	10.63 	12.03 	14.37 
0.05 	0.29 	0.60 	1.03 	1.68 	2.45 	3.47 	4.52	6.07	7.25 	8.34 	9.32 	10.69 	12.50 	15.54 
0.12 	0.21 	0.69 	1.16 	1.67 	2.70 	3.94 	4.87	5.97	7.54 	8.49 	9.60 	10.92 	12.69 	14.74 
0.16 	0.36 	0.68 	1.21 	1.66 	2.65 	3.95 	5.38	6.15	7.19 	8.53 	9.33 	10.56 	12.26 	14.20 
0.09 	0.43 	0.83 	1.21 	1.68 	2.53 	3.75 	4.84	6.00	7.25 	8.33 	8.98 	10.25 	11.90 	13.91 
0.13 	0.29 	0.85 	1.31 	1.68 	2.48 	3.70 	4.68	5.78	6.88 	7.92 	9.46 	10.19 	11.94 	14.40 
0.03 	0.31 	0.72 	1.32 	1.89 	2.55 	3.70 	4.91	5.81	7.30 	8.26 	9.24 	11.00 	12.46 	15.31 
0.11 	0.20 	0.68 	1.18 	1.95 	2.79 	3.67 	4.85	6.27	7.04 	8.77 	9.72 	11.23 	12.92 	15.49 
0.64 	0.32 	0.66 	1.10 	1.73 	2.64 	3.80 	4.68	6.09	7.51 	8.32 	10.50 	11.87 	13.73 	17.69 
0.09 	0.38 	0.71 	1.19 	1.78 	2.84 	3.74 	4.93	6.08	7.33 	8.69 	9.83 	11.94 	13.49 	15.03 
0.10 	0.25 	0.48 	1.07 	1.86 	2.92 	4.22 	5.25	6.34	7.88 	8.78 	10.03 	11.90 	13.53 	17.26 
0.16 	0.28 	0.68 	1.11 	1.77 	2.67 	3.89 	5.02	6.21	7.78 	9.34 	10.41 	12.11 	14.12 	16.07 

#maturity at age
0.00
0.00
0.00
0.09
0.32
0.45
0.84
0.89
1.00
1.00
1.00
1.00
1.00
1.00
1.00

#natural mortality, from the assessment
 #full M
#1.13     0.68   0.45    0.33    0.25    0.19    0.15    0.15    0.15    0.15    0.15    0.15    0.15    0.15    0.15
 #half M for time step
0.565	0.34	0.225	0.165	0.125	0.095	0.075	0.075	0.075	0.075	0.075	0.075	0.075	0.075	0.075


#sex proportaions at age
0.53 0.56 0.56 0.52 0.57 0.65 0.73 0.81 0.88 0.92 0.95 0.97 1.00 1.00 1.00


#prop - proportions at age chesapeake bay in each region
#updated with estimates from Adena'a model 3/8/24
#Mark-recapture model estimated ages 2-11+,
#ages 12-15+ = estimate for 11+

 #stock 1 = Bay												
 #time step 1												
  #in the Bay												
#1	1	1	1	1	1	1	1	1	1	1	1	1
# 0.7722	0.8395	0.9409	0.9630	0.9495	0.9839	0.9327	0.9593	0.8860	0.9417	0.9417	0.9417	0.9417	0.9417
 #in the Coast
#0.2278	0.1605	0.0591	0.0370	0.0505	0.0161	0.0673	0.0407	0.1140	0.0583	0.0583	0.0583	0.0583	0.0583
#-1.4794	-1.8296	-2.8286	-3.2974	-2.9851	-4.1315	-2.6985	-3.2013	-2.1715	-2.8425	-2.8425	-2.8425	-2.8425	-2.8425
-1.450000	-2.790000	-2.960000	-2.680000	-2.160000	-1.980000	-1.380000	-0.838000	-0.858000	-0.435000	-0.435000	-0.435000	-0.435000	-0.435000

#time step 2												
  #in the Bay												
#1	0.75	0.5	0.5	0.5	0.5	0.5	0.25	0.25	0.25	0.25	0.25	0.25
#0.8644	0.8690	0.7484	0.6732	0.5638	0.3920	0.5767	0.2983	0.3469	0.1716	0.1716	0.1716	0.1716	0.1716												
 #in the coast
# 0.1356	0.1310	0.2516	0.3268	0.4362	0.6080	0.4233	0.7017	0.6531	0.8284	0.8284	0.8284	0.8284	0.8284
#-1.9978	-2.0329	-1.38	-1.1183	-0.82958	-0.49764	-0.85966	-0.3543	-0.42603	-0.18825	-0.18825	-0.18825	-0.18825	-0.18825
-1.830000	-3.330000	-4.080000	-3.160000	-2.810000	-2.000000	-1.100000	-0.486000	-0.357000	-0.184000	-0.184000	-0.184000	-0.184000	-0.184000

# stock 2 = Atlantic Coast												
  #time step 1												
  #In the Bay												
#0	0	0	0	0	0	0	0	0	0	0	0	0
#0.0000	0.0000	0.2112	0.1707	0.1343	0.1006	0.0587	0.0540	0.0536	0.0349	0.0349	0.0349	0.0349	0.0349
 #in the coast
#1.0000	1.0000	0.7888	0.8293	0.8657	0.8994	0.9413	0.9460	0.9464	0.9651	0.9651	0.9651	0.9651	0.9651
#0.00000	0.00000	-0.17456	-0.13799	-0.09912	-0.07489	-0.04111	-0.03779	-0.03731	-0.02402	-0.02402	-0.02402	-0.02402	-0.02402
0.000000	-0.254600	-0.141350	-0.059600	-0.053650	-0.099900	-0.127550	-0.207000	-0.203900	-0.174400	-0.174400	-0.174400	-0.174400	-0.174400
#time step 2												
  #in the bay												
#0	0	0	0	0	0	0	0	0	0	0	0	0
#0.0963	0.0279	0.1205	0.0378	0.1846	0.0544	0.1735	0.0404	0.1571	0.0305	0.0305	0.0305	0.0305	0.0305
 #in the Coast
# 0.9037	0.9721	0.8795	0.9622	0.8154	0.9456	0.8265	0.9596	0.8429	0.9695	0.9695	0.9695	0.9695	0.9695
#-0.069622667	-0.018941	-0.087606333	-0.025914667	-0.144299	-0.037719333	-0.138547	-0.027669	-0.120037	-0.032641333	-0.032641333	-0.032641333	-0.032641333	-0.032641333
0.000000	-0.204920	-0.110500	-0.055315	-0.035260	-0.027650	-0.037600	-0.054850	-0.040100	-0.047350	-0.047350	-0.047350	-0.047350	-0.047350


#log_sd_cb, sd for occupancy probabilities
#stock 1 = bay
  #time step 1
  #in the coast
#0.42227	0.36892	0.29404	0.23926	0.19831	0.21944	0.19364	0.16484	0.15531	0.15643	0.15643	0.15643	0.15643	0.15643
0.420000	0.294000	0.198000	0.193000	0.155000	0.157000	0.110000	0.088000	0.101000	0.048000	0.048000	0.048000	0.048000	0.048000
 #time step 2
  #in the coast
#0.15738	0.12021	0.10837	0.084186	0.086803	0.044981	0.10096	0.039887	0.047493	0.015705	0.015705	0.015705	0.015705	0.015705
0.376000	0.238000	0.220000	0.165000	0.156000	0.120000	0.084300	0.045800	0.041000	0.015500	0.015500	0.015500	0.015500	0.015500

#log_sd_ac, sd for occupancy probabilities 
 #stock 2 = coast
  #time step 1
  #in the coast
#0.00002	0.00005	0.05239	0.02976	0.02506	0.01122	0.01204	0.00737	0.01062	0.00457	0.00457	0.00457	0.00457	0.00457
0.000034	0.077200	0.035500	0.017250	0.015000	0.018450	0.023250	0.028750	0.031150	0.022600	0.022600	0.022600	0.022600	0.022600
  #time step 2
  #in the coast
#0.013002667	0.004489833	0.015926	0.004754967	0.020011	0.006492833	0.021077667	0.006485867	0.015329667	0.005251	0.005251	0.005251	0.005251	0.005251
0.000040	0.045495	0.016351	0.010725	0.006680	0.006540	0.006905	0.009495	0.009405	0.007635	0.007635	0.007635	0.007635	0.007635


#acoustic_prop=occupancy probabilities from Acoustic tagged fish from 2014-2016
#timestep 1
-99	-99	-99	1	-99	1	0.947368421	0.884057971	0.77037037	0.636363636	0.65	0.538461538	0.75	0.566666667
#timestep 2
-99	-99	1	-99	0.833333333	0.986206897	0.884615385	0.826086957	0.615384615	0.2	0.044444444	0	0	0
#acoustic prop_sd (This is on the log scale)
#timestep 1 (log scale)
-99	-99	-99	-99	-99	-99	1.100399621	0.937415521	0.468587206	-0.164371357	-0.034074981	-0.581399297	0.076076361	-2.046635835
#timestep 2 (log scale, cv)
-99	-99	-99	-99	0.690299872	1.321561252	1.041586505	0.805775612	0.262334448	-0.639513206	-2.279907677	-4.605170186	-4.605170186	-4.605170186

#use_aco_prop, if 1, use acoustic occupancy probabily in likelihood, if 2 do not use
1 #yes
#0 #no


#**************************************
#
#             Aging Error
#
#**************************************

#use_age_err, if 1, use age_err, if 2 use ID Matrix
#1 #yes
2 #no

#age_err_a, aging error matrix
0.666666667	0.051282051	0               0               0               0               0               0               0               0               0               0               0               0               0
0.333333333	0.948717949	0.481481481	0	        0	        0	        0	        0	        0	        0	        0	        0	        0	        0	        0
0	        0	        0.444444444	0.046728972	0	        0	        0	        0	        0	        0	        0	        0	        0	        0	        0
0	        0	        0.074074074	0.747663551	0.095744681	0.013937282	0.002785515	0	        0	        0              	0	        0	        0	        0	        0
0	        0	        0	        0.168224299	0.425531915	0.149825784	0.036211699	0	        0	        0	        0	        0	        0	        0	        0
0	        0	        0	        0.037383178	0.414893617	0.651567944	0.270194986	0.046332046	0.00921659	0	        0	        0	        0	        0	        0
0	        0	        0	        0	        0.042553191	0.170731707	0.593314763	0.281853282	0.101382488	0.046511628	0.041322314	0	        0	        0.009433962	0.005208333
0	        0	        0	        0	        0.010638298	0.013937282	0.075208914	0.540540541	0.331797235	0.215116279	0.090909091	0.065934066	0.01369863	0.009433962	0.005208333
0	        0	        0	        0	        0.010638298	0	        0.022284123	0.11969112	0.447004608	0.36627907	0.231404959	0.076923077	0.04109589	0.009433962	0.010416667
0	        0	        0	        0	        0	        0	        0	        0.011583012	0.096774194	0.331395349	0.247933884	0.164835165	0.068493151	0.094339623	0.010416667
0	        0	        0	        0	        0	        0	        0	        0	        0.013824885	0.040697674	0.330578512	0.318681319	0.205479452	0.141509434	0.0625
0	        0	        0	        0              	0	        0	        0	        0	        0	        0	        0.049586777	0.351648352	0.369863014	0.179245283	0.119791667
0	        0	        0	        0	        0	        0	        0	        0	        0	        0	        0.008264463	0.021978022	0.246575342	0.339622642	0.192708333
0	        0	        0	        0	        0	        0	        0	        0	        0	        0	        0	        0	        0.054794521	0.179245283	0.244791667
0	        0	        0	        0	        0	        0	        0	        0	        0	        0	        0	        0	        0	        0.037735849	0.348958333

#age_err_b, aging error matrix, age 2-15 (removed age 1)
1	0.481481481	0	0	0	0	0	0	0	0	0	0	0	0
0	0.444444444	0.046728972	0	0	0	0	0	0	0	0	0	0	0
0	0.074074074	0.747663551	0.095744681	0.013937282	0.002785515	0	0	0	0	0	0	0	0
0	0	0.168224299	0.425531915	0.149825784	0.036211699	0	0	0	0	0	0	0	0
0	0	0.037383178	0.414893617	0.651567944	0.270194986	0.046332046	0.00921659	0	0	0	0	0	0
0	0	0	0.042553191	0.170731707	0.593314763	0.281853282	0.101382488	0.046511628	0.041322314	0	0	0.009433962	0.005208333
0	0	0	0.010638298	0.013937282	0.075208914	0.540540541	0.331797235	0.215116279	0.090909091	0.065934066	0.01369863	0.009433962	0.005208333
0	0	0	0.010638298	0	0.022284123	0.11969112	0.447004608	0.36627907	0.231404959	0.076923077	0.04109589	0.009433962	0.010416667
0	0	0	0	0	0	0.011583012	0.096774194	0.331395349	0.247933884	0.164835165	0.068493151	0.094339623	0.010416667
0	0	0	0	0	0	0	0.013824885	0.040697674	0.330578512	0.318681319	0.205479452	0.141509434	0.0625
0	0	0	0	0	0	0	0	0	0.049586777	0.351648352	0.369863014	0.179245283	0.119791667
0	0	0	0	0	0	0	0	0	0.008264463	0.021978022	0.246575342	0.339622642	0.192708333
0	0	0	0	0	0	0	0	0	0	0	0.054794521	0.179245283	0.244791667
0	0	0	0	0	0	0	0	0	0	0	0	0.037735849	0.348958333


#age_err_c, ages 2-13+
1	0.481481481	0	0	0	0	0	0	0	0	0	0
0	0.444444444	0.046728972	0	0	0	0	0	0	0	0	0
0	0.074074074	0.747663551	0.095744681	0.013937282	0.002785515	0	0	0	0	0	0
0	0	0.168224299	0.425531915	0.149825784	0.036211699	0	0	0	0	0	0
0	0	0.037383178	0.414893617	0.651567944	0.270194986	0.046332046	0.00921659	0	0	0	0
0	0	0	0.042553191	0.170731707	0.593314763	0.281853282	0.101382488	0.046511628	0.041322314	0	0.005390836
0	0	0	0.010638298	0.013937282	0.075208914	0.540540541	0.331797235	0.215116279	0.090909091	0.065934066	0.008086253
0	0	0	0.010638298	0	0.022284123	0.11969112	0.447004608	0.36627907	0.231404959	0.076923077	0.016172507
0	0	0	0	0	0	0.011583012	0.096774194	0.331395349	0.247933884	0.164835165	0.045822102
0	0	0	0	0	0	0	0.013824885	0.040697674	0.330578512	0.318681319	0.113207547
0	0	0	0	0	0	0	0	0	0.049586777	0.351648352	0.185983827
0	0	0	0	0	0	0	0	0	0.008264463	0.021978022	0.625336927



#identify matrices
#group a,1-15+
1	0	0	0	0	0	0	0	0	0	0	0	0	0	0
0	1	0	0	0	0	0	0	0	0	0	0	0	0	0
0	0	1	0	0	0	0	0	0	0	0	0	0	0	0
0	0	0	1	0	0	0	0	0	0	0	0	0	0	0
0	0	0	0	1	0	0	0	0	0	0	0	0	0	0
0	0	0	0	0	1	0	0	0	0	0	0	0	0	0
0	0	0	0	0	0	1	0	0	0	0	0	0	0	0
0	0	0	0	0	0	0	1	0	0	0	0	0	0	0
0	0	0	0	0	0	0	0	1	0	0	0	0	0	0
0	0	0	0	0	0	0	0	0	1	0	0	0	0	0
0	0	0	0	0	0	0	0	0	0	1	0	0	0	0
0	0	0	0	0	0	0	0	0	0	0	1	0	0	0
0	0	0	0	0	0	0	0	0	0	0	0	1	0	0
0	0	0	0	0	0	0	0	0	0	0	0	0	1	0
0	0	0	0	0	0	0	0	0	0	0	0	0	0	1
#group b, 2-15+
1	0	0	0	0	0	0	0	0	0	0	0	0	0
0	1	0	0	0	0	0	0	0	0	0	0	0	0
0	0	1	0	0	0	0	0	0	0	0	0	0	0
0	0	0	1	0	0	0	0	0	0	0	0	0	0
0	0	0	0	1	0	0	0	0	0	0	0	0	0
0	0	0	0	0	1	0	0	0	0	0	0	0	0
0	0	0	0	0	0	1	0	0	0	0	0	0	0
0	0	0	0	0	0	0	1	0	0	0	0	0	0
0	0	0	0	0	0	0	0	1	0	0	0	0	0
0	0	0	0	0	0	0	0	0	1	0	0	0	0
0	0	0	0	0	0	0	0	0	0	1	0	0	0
0	0	0	0	0	0	0	0	0	0	0	1	0	0
0	0	0	0	0	0	0	0	0	0	0	0	1	0
0	0	0	0	0	0	0	0	0	0	0	0	0	1
#group c, 2-13+
1	0	0	0	0	0	0	0	0	0	0	0
0	1	0	0	0	0	0	0	0	0	0	0
0	0	1	0	0	0	0	0	0	0	0	0
0	0	0	1	0	0	0	0	0	0	0	0
0	0	0	0	1	0	0	0	0	0	0	0
0	0	0	0	0	1	0	0	0	0	0	0
0	0	0	0	0	0	1	0	0	0	0	0
0	0	0	0	0	0	0	1	0	0	0	0
0	0	0	0	0	0	0	0	1	0	0	0
0	0	0	0	0	0	0	0	0	1	0	0
0	0	0	0	0	0	0	0	0	0	1	0
0	0	0	0	0	0	0	0	0	0	0	1


 

#**************************************
#
#         Effective Sample Size
#
#**************************************


#Effective Sample Size for catch
 #Bay
#50
#54
#55
#40
15 #moratorium
25 #post-moratorium
 #Coast
#50
25
#15
#effective Sample size for Indices
 #ChesMMAP
#9
#50
#19
15
#25
 #DE30
#9
#50
15
 #CT LIST
#14
#50
#100
15
 #MDSSN
#28
#50
#45
#43
32
 #NJOT
#7
#50
#15
16
 #DESSN
#35
#50
#100
27
 #NYOHS
#27
#50
#100
15
 #mrip
#75

#TEST number
12345
